100
0 1
0 4
0 36
0 97
1 0
1 8
1 19
1 69
1 71
1 81
1 92
2 14
2 32
2 80
2 86
2 95
3 43
3 67
3 68
3 76
4 0
4 37
4 71
4 75
5 14
5 41
5 45
5 55
6 70
6 75
6 83
7 19
7 54
8 1
8 44
8 47
8 66
8 76
8 85
9 30
9 40
9 83
9 94
10 14
10 16
10 17
10 35
10 46
10 76
10 77
11 58
11 61
12 46
12 56
13 20
14 2
14 5
14 10
14 19
14 29
14 44
14 68
14 88
14 93
14 96
15 47
15 64
16 10
16 28
16 33
16 76
17 10
17 45
17 62
17 65
17 72
18 38
18 47
19 1
19 7
19 14
19 26
19 42
19 55
19 57
19 94
20 13
20 32
20 50
20 51
20 57
20 75
20 87
20 96
21 22
21 67
21 84
22 21
22 35
22 37
22 44
22 99
23 59
23 80
24 33
24 57
24 90
24 96
24 98
25 40
25 52
25 73
25 76
25 90
25 99
26 19
26 32
26 82
26 97
27 44
27 62
27 65
27 68
28 16
28 30
28 34
28 95
29 14
29 55
29 79
29 85
29 99
30 9
30 28
30 33
30 41
30 93
31 45
31 57
31 65
31 86
32 2
32 20
32 26
32 57
33 16
33 24
33 30
33 97
34 28
34 53
34 65
34 98
35 10
35 22
36 0
36 48
36 60
37 4
37 22
37 39
37 47
37 50
37 86
37 92
38 18
38 83
38 99
39 37
39 69
39 84
39 91
40 9
40 25
40 53
40 72
41 5
41 30
41 70
42 19
42 86
42 90
43 3
43 93
44 8
44 14
44 22
44 27
44 47
44 54
44 57
44 99
45 5
45 17
45 31
45 58
46 10
46 12
47 8
47 15
47 18
47 37
47 44
47 66
47 74
47 85
47 96
48 36
48 84
50 20
50 37
50 99
51 20
51 70
51 72
51 73
52 25
52 68
52 77
53 34
53 40
53 60
53 75
53 79
53 91
54 7
54 44
54 72
55 5
55 19
55 29
55 76
55 82
55 92
55 93
55 96
56 12
56 95
57 19
57 20
57 24
57 31
57 32
57 44
57 95
58 11
58 45
59 23
59 69
59 94
60 36
60 53
61 11
61 71
61 87
62 17
62 27
62 66
62 79
63 65
63 81
64 15
64 85
65 17
65 27
65 31
65 34
65 63
66 8
66 47
66 62
66 93
67 3
67 21
67 68
67 94
68 3
68 14
68 27
68 52
68 67
68 85
68 87
69 1
69 39
69 59
69 71
69 85
70 6
70 41
70 51
71 1
71 4
71 61
71 69
71 75
71 98
72 17
72 40
72 51
72 54
73 25
73 51
73 84
74 47
74 75
74 96
75 4
75 6
75 20
75 53
75 71
75 74
75 87
76 3
76 8
76 10
76 16
76 25
76 55
76 98
77 10
77 52
77 85
77 95
79 29
79 53
79 62
79 85
80 2
80 23
81 1
81 63
81 86
81 90
82 26
82 55
83 6
83 9
83 38
84 21
84 39
84 48
84 73
84 86
84 90
85 8
85 29
85 47
85 64
85 68
85 69
85 77
85 79
86 2
86 31
86 37
86 42
86 81
86 84
87 20
87 61
87 68
87 75
88 14
90 24
90 25
90 42
90 81
90 84
91 39
91 53
92 1
92 37
92 55
93 14
93 30
93 43
93 55
93 66
94 9
94 19
94 59
94 67
95 2
95 28
95 56
95 57
95 77
96 14
96 20
96 24
96 47
96 55
96 74
97 0
97 26
97 33
98 24
98 34
98 71
98 76
99 22
99 25
99 29
99 38
99 44
99 50
