100
0 22
0 39
0 58
0 76
2 9
2 12
2 36
3 86
4 70
4 96
5 58
5 64
6 29
6 40
6 62
6 96
8 97
9 2
9 14
9 71
10 15
10 18
10 47
11 26
12 2
12 84
13 62
13 67
14 9
14 20
14 33
14 46
15 10
15 36
15 81
16 74
18 10
18 41
18 42
18 56
18 76
19 21
19 50
20 14
20 22
21 19
21 35
21 50
21 64
21 95
22 0
22 20
22 96
24 25
25 24
25 46
26 11
26 75
27 31
27 45
27 85
27 98
28 88
29 6
29 36
29 49
30 65
31 27
31 55
33 14
33 55
33 83
34 52
34 83
35 21
36 2
36 15
36 29
37 86
37 92
38 65
38 66
38 67
38 97
39 0
39 54
40 6
40 97
41 18
41 89
41 93
42 18
42 90
43 90
44 69
44 99
45 27
45 87
46 14
46 25
47 10
48 61
48 74
49 29
49 83
50 19
50 21
50 89
52 34
54 39
55 31
55 33
56 18
56 82
56 98
57 58
58 0
58 5
58 57
59 78
59 97
61 48
61 76
62 6
62 13
64 5
64 21
64 66
65 30
65 38
66 38
66 64
66 82
66 90
67 13
67 38
67 84
69 44
69 77
69 85
70 4
70 85
71 9
71 75
71 92
71 96
74 16
74 48
74 80
74 92
75 26
75 71
75 90
76 0
76 18
76 61
77 69
78 59
78 91
79 89
80 74
80 96
81 15
82 56
82 66
83 33
83 34
83 49
84 12
84 67
85 27
85 69
85 70
85 95
86 3
86 37
87 45
88 28
89 41
89 50
89 79
89 95
90 42
90 43
90 66
90 75
91 78
92 37
92 71
92 74
93 41
95 21
95 85
95 89
96 4
96 6
96 22
96 71
96 80
97 8
97 38
97 40
97 59
98 27
98 56
99 44
