100
0 0 552
1 1 1606
2 2 1326
3 3 1642
4 4 457
5 5 1190
6 6 1046
7 7 1076
8 8 1183
9 9 1412
10 10 1351
11 11 989
12 12 854
13 13 1264
14 14 75
15 15 522
16 16 8
17 17 85
18 18 1944
19 19 1150
20 20 157
21 21 1521
22 22 3
23 23 1157
24 24 431
25 25 604
26 26 1676
27 27 828
28 28 1757
29 29 729
30 30 1551
31 31 1316
32 32 405
33 33 1211
34 34 1981
35 35 1922
36 36 1359
37 37 300
38 38 1217
39 39 788
40 40 1958
41 41 738
42 42 56
43 43 943
44 44 681
45 45 1391
46 46 1996
47 47 1919
48 48 222
49 49 1643
50 50 8
51 51 396
52 52 254
53 53 766
54 54 1100
55 55 274
56 56 1272
57 57 1017
58 58 1641
59 59 1041
60 60 510
61 61 1942
62 62 1776
63 63 1748
64 64 1218
65 65 239
66 66 456
67 67 395
68 68 329
69 69 1497
70 70 298
71 71 1396
72 72 1585
73 73 1636
74 74 1658
75 75 661
76 76 1039
77 77 1625
78 78 2
79 79 1964
80 80 1358
81 81 1010
82 82 263
83 83 8
84 84 919
85 85 675
86 86 835
87 87 931
88 88 579
89 89 1500
90 90 1004
91 91 622
92 92 1600
93 93 2
94 94 855
95 95 1675
96 96 1853
97 97 1605
98 98 854
99 99 1236
