100
0 0 179
0 32 0
1 1 1402
1 24 0
1 68 0
2 2 103
2 4 0
3 3 411
3 89 0
3 98 0
4 2 0
4 4 157
4 15 0
5 5 482
5 8 0
6 6 215
6 42 0
7 7 513
7 11 0
7 34 0
7 99 0
8 5 0
8 8 857
8 74 0
8 79 0
8 80 0
8 81 0
9 9 990
9 37 0
9 40 0
10 10 817
10 20 0
10 46 0
10 64 0
10 83 0
10 87 0
11 7 0
11 11 1729
12 12 1354
12 76 0
12 96 0
13 13 1927
13 39 0
14 14 664
14 25 0
14 90 0
15 4 0
15 15 439
16 16 25
17 17 1976
17 46 0
18 18 1442
19 19 1112
20 10 0
20 20 493
21 21 1115
22 22 649
22 41 0
22 45 0
22 47 0
22 66 0
23 23 1477
23 31 0
23 51 0
23 58 0
23 67 0
23 74 0
23 93 0
24 1 0
24 24 1280
25 14 0
25 25 610
25 26 0
25 40 0
25 66 0
26 25 0
26 26 1858
26 48 0
26 51 0
26 53 0
27 27 536
27 33 0
27 34 0
27 44 0
28 28 879
28 54 0
28 91 0
29 29 1788
30 30 1703
30 51 0
31 23 0
31 31 987
31 65 0
32 0 0
32 32 23
32 41 0
32 90 0
33 27 0
33 33 1567
34 7 0
34 27 0
34 34 397
35 35 1133
36 36 802
37 9 0
37 37 259
37 69 0
37 78 0
38 38 156
39 13 0
39 39 790
39 49 0
39 53 0
39 64 0
39 96 0
40 9 0
40 25 0
40 40 715
40 87 0
41 22 0
41 32 0
41 41 282
41 54 0
41 61 0
41 68 0
41 90 0
42 6 0
42 42 1532
42 60 0
42 69 0
43 43 751
43 46 0
43 55 0
43 76 0
44 27 0
44 44 1830
44 88 0
45 22 0
45 45 635
46 10 0
46 17 0
46 43 0
46 46 1879
47 22 0
47 47 1102
48 26 0
48 48 1133
48 73 0
49 39 0
49 49 1227
49 57 0
50 50 1745
50 75 0
51 23 0
51 26 0
51 30 0
51 51 1386
52 52 333
53 26 0
53 39 0
53 53 1162
53 58 0
53 62 0
53 76 0
54 28 0
54 41 0
54 54 307
55 43 0
55 55 1435
56 56 967
56 68 0
57 49 0
57 57 798
57 59 0
57 73 0
57 77 0
58 23 0
58 53 0
58 58 947
58 79 0
59 57 0
59 59 272
59 97 0
60 42 0
60 60 733
60 81 0
60 82 0
60 93 0
61 41 0
61 61 291
61 73 0
62 53 0
62 62 1039
62 86 0
62 93 0
63 63 119
64 10 0
64 39 0
64 64 119
65 31 0
65 65 920
66 22 0
66 25 0
66 66 1706
66 90 0
67 23 0
67 67 1220
68 1 0
68 41 0
68 56 0
68 68 542
69 37 0
69 42 0
69 69 379
69 70 0
69 88 0
70 69 0
70 70 1414
71 71 936
72 72 978
72 96 0
73 48 0
73 57 0
73 61 0
73 73 1283
73 74 0
73 77 0
73 89 0
74 8 0
74 23 0
74 73 0
74 74 1362
75 50 0
75 75 535
75 91 0
76 12 0
76 43 0
76 53 0
76 76 479
77 57 0
77 73 0
77 77 1789
78 37 0
78 78 1842
79 8 0
79 58 0
79 79 618
79 90 0
79 96 0
80 8 0
80 80 1818
81 8 0
81 60 0
81 81 366
82 60 0
82 82 545
83 10 0
83 83 273
84 84 1908
85 85 619
86 62 0
86 86 305
86 94 0
87 10 0
87 40 0
87 87 1484
88 44 0
88 69 0
88 88 599
89 3 0
89 73 0
89 89 21
90 14 0
90 32 0
90 41 0
90 66 0
90 79 0
90 90 1160
91 28 0
91 75 0
91 91 1929
92 92 802
93 23 0
93 60 0
93 62 0
93 93 1771
94 86 0
94 94 716
95 95 949
96 12 0
96 39 0
96 72 0
96 79 0
96 96 1762
97 59 0
97 97 229
98 3 0
98 98 731
99 7 0
99 99 543
