100
0 8
0 16
0 21
0 37
0 44
0 52
0 69
1 80
1 92
2 30
2 51
2 60
2 65
2 98
3 13
3 22
3 25
3 29
3 58
3 75
3 79
3 90
4 7
4 31
4 90
4 92
4 93
4 94
5 82
5 86
5 92
6 14
6 22
6 24
6 33
6 34
6 35
6 97
7 4
7 12
7 51
7 69
7 87
8 0
8 15
8 32
8 48
8 53
8 74
8 89
9 18
9 19
9 60
10 12
10 15
10 43
10 68
11 83
11 99
12 7
12 10
12 32
12 40
12 68
12 91
12 98
13 3
13 61
13 93
14 6
14 50
14 77
14 87
15 8
15 10
15 55
15 59
15 72
15 74
15 94
16 0
16 30
16 39
16 50
16 85
17 20
17 54
17 79
17 81
18 9
18 32
18 41
18 43
18 47
19 9
19 26
19 29
19 41
19 42
19 49
20 17
20 31
20 47
20 57
20 58
20 81
21 0
21 43
22 3
22 6
22 27
22 70
23 52
23 82
23 97
24 6
24 49
24 57
24 60
24 66
24 69
24 77
24 78
24 85
25 3
25 65
26 19
26 29
26 39
26 52
27 22
27 39
27 73
27 97
28 77
29 3
29 19
29 26
29 37
29 45
29 73
29 74
30 2
30 16
30 31
30 36
30 50
30 62
30 73
30 77
31 4
31 20
31 30
31 66
32 8
32 12
32 18
32 42
32 45
32 53
32 66
32 79
32 98
33 6
33 55
34 6
34 46
34 49
34 73
35 6
35 46
35 51
35 68
36 30
36 41
36 64
37 0
37 29
37 49
37 83
37 84
38 41
38 68
38 99
39 16
39 26
39 27
39 80
39 89
40 12
40 65
40 75
40 98
41 18
41 19
41 36
41 38
42 19
42 32
42 68
43 10
43 18
43 21
43 52
43 58
43 59
43 61
43 64
43 67
43 78
43 80
43 84
43 92
44 0
44 58
44 65
45 29
45 32
45 62
45 96
46 34
46 35
46 48
46 57
47 18
47 20
47 67
47 75
48 8
48 46
48 56
48 68
48 88
49 19
49 24
49 34
49 37
49 61
49 64
49 93
50 14
50 16
50 30
50 62
50 99
51 2
51 7
51 35
51 79
52 0
52 23
52 26
52 43
52 54
53 8
53 32
53 60
53 97
54 17
54 52
55 15
55 33
55 90
56 48
56 97
57 20
57 24
57 46
57 68
58 3
58 20
58 43
58 44
58 66
58 67
58 86
58 88
58 91
58 93
58 94
58 99
59 15
59 43
59 66
59 70
59 78
59 81
60 2
60 9
60 24
60 53
60 80
60 89
61 13
61 43
61 49
61 66
61 88
62 30
62 45
62 50
62 84
63 65
63 99
64 36
64 43
64 49
64 79
64 85
64 94
65 2
65 25
65 40
65 44
65 63
65 79
66 24
66 31
66 32
66 58
66 59
66 61
66 75
66 85
66 87
66 90
67 43
67 47
67 58
67 73
67 86
67 98
68 10
68 12
68 35
68 38
68 42
68 48
68 57
68 94
68 95
69 0
69 7
69 24
69 73
69 77
69 79
69 81
69 97
70 22
70 59
70 99
72 15
73 27
73 29
73 30
73 34
73 67
73 69
73 75
73 91
73 94
74 8
74 15
74 29
75 3
75 40
75 47
75 66
75 73
75 76
76 75
76 83
76 85
77 14
77 24
77 28
77 30
77 69
78 24
78 43
78 59
78 84
78 94
78 96
79 3
79 17
79 32
79 51
79 64
79 65
79 69
79 84
80 1
80 39
80 43
80 60
81 17
81 20
81 59
81 69
81 82
81 99
82 5
82 23
82 81
82 95
82 96
83 11
83 37
83 76
83 84
83 85
84 37
84 43
84 62
84 78
84 79
84 83
84 97
85 16
85 24
85 64
85 66
85 76
85 83
85 97
86 5
86 58
86 67
86 89
87 7
87 14
87 66
87 93
87 95
87 98
88 48
88 58
88 61
88 90
89 8
89 39
89 60
89 86
89 94
90 3
90 4
90 55
90 66
90 88
90 98
91 12
91 58
91 73
92 1
92 4
92 5
92 43
92 95
92 98
93 4
93 13
93 49
93 58
93 87
93 94
94 4
94 15
94 58
94 64
94 68
94 73
94 78
94 89
94 93
95 68
95 82
95 87
95 92
96 45
96 78
96 82
97 6
97 23
97 27
97 53
97 56
97 69
97 84
97 85
98 2
98 12
98 32
98 40
98 67
98 87
98 90
98 92
99 11
99 38
99 50
99 58
99 63
99 70
99 81
