100
0 38
0 72
1 33
1 82
1 95
2 49
2 50
2 59
2 73
3 18
4 35
4 43
4 60
4 82
5 7
5 35
5 92
6 29
6 72
7 5
8 44
8 85
9 95
10 13
10 82
10 95
11 89
13 10
13 92
14 23
14 38
15 16
16 15
16 32
16 49
16 65
16 90
17 49
17 68
17 84
18 3
18 43
19 57
19 73
19 84
20 39
20 85
20 99
21 37
22 38
23 14
23 63
23 68
23 77
24 78
25 33
27 57
27 73
28 99
29 6
29 83
29 87
29 93
29 98
30 88
32 16
32 41
32 53
33 1
33 25
33 72
33 82
34 50
34 81
35 4
35 5
35 43
37 21
38 0
38 14
38 22
38 42
39 20
39 57
41 32
41 92
41 93
41 98
42 38
43 4
43 18
43 35
43 65
43 77
43 96
44 8
44 73
44 81
45 72
47 64
49 2
49 16
49 17
50 2
50 34
51 76
53 32
53 71
55 97
56 87
57 19
57 27
57 39
58 80
58 86
59 2
60 4
60 61
60 78
61 60
61 81
63 23
64 47
64 71
64 78
65 16
65 43
66 67
66 85
67 66
68 17
68 23
71 53
71 64
71 96
72 0
72 6
72 33
72 45
72 74
73 2
73 19
73 27
73 44
74 72
76 51
77 23
77 43
77 97
78 24
78 60
78 64
78 90
79 80
80 58
80 79
80 82
81 34
81 44
81 61
82 1
82 4
82 10
82 33
82 80
82 94
83 29
84 17
84 19
85 8
85 20
85 66
86 58
87 29
87 56
88 30
89 11
90 16
90 78
92 5
92 13
92 41
93 29
93 41
94 82
95 1
95 9
95 10
96 43
96 71
97 55
97 77
98 29
98 41
99 20
99 28
