100
0 9
0 18
0 22
0 24
0 87
0 94
1 6
1 15
1 16
1 31
1 44
1 66
1 75
1 92
1 99
2 5
2 46
2 54
2 77
2 84
2 90
3 4
3 11
3 24
3 28
3 37
3 55
3 67
3 77
4 3
4 39
4 67
4 85
4 94
5 2
5 27
5 55
5 62
5 68
5 74
5 93
6 1
6 18
6 47
6 54
6 70
6 72
6 75
7 33
7 52
7 70
7 71
7 74
7 88
7 98
8 9
8 30
8 37
8 48
8 50
8 67
8 72
9 0
9 8
9 44
9 60
9 61
9 80
10 36
10 41
10 61
10 95
10 98
11 3
11 23
11 24
11 27
11 30
11 39
11 47
11 60
11 71
11 86
11 94
11 98
12 17
12 40
12 63
12 67
12 68
12 74
12 75
12 76
12 81
12 89
12 97
13 24
13 25
13 33
13 37
13 45
13 46
13 58
13 76
14 23
14 35
14 47
14 64
14 66
14 76
14 79
14 82
15 1
15 24
15 34
15 45
15 61
15 65
15 67
15 70
15 82
15 93
16 1
16 24
16 29
16 37
16 48
16 54
16 58
16 89
16 95
16 97
17 12
17 19
17 33
17 56
17 84
18 0
18 6
18 20
18 22
18 25
18 33
18 34
18 40
18 54
18 63
18 65
18 77
19 17
19 41
19 42
19 52
19 54
19 59
19 63
19 68
19 84
19 97
20 18
20 21
20 50
20 78
20 87
20 88
20 99
21 20
21 27
21 29
21 33
21 45
21 60
21 73
21 80
21 90
21 97
22 0
22 18
22 26
22 31
22 42
22 44
23 11
23 14
23 27
23 28
23 29
24 0
24 3
24 11
24 13
24 15
24 16
24 35
24 51
24 98
25 13
25 18
25 29
25 36
25 43
25 55
25 70
25 83
25 98
26 22
26 29
26 44
26 52
26 55
26 64
26 78
26 80
26 99
27 5
27 11
27 21
27 23
27 35
27 56
27 60
27 62
27 63
27 65
27 76
28 3
28 23
28 44
28 54
28 62
28 80
28 81
28 82
28 92
28 93
29 16
29 21
29 23
29 25
29 26
29 37
29 57
30 8
30 11
30 35
30 58
30 85
30 99
31 1
31 22
31 76
31 78
31 90
31 92
32 35
32 41
32 47
32 63
32 90
32 98
33 7
33 13
33 17
33 18
33 21
33 60
33 63
33 72
33 82
33 88
33 94
34 15
34 18
34 40
34 42
34 43
34 45
34 49
34 58
34 80
34 84
35 14
35 24
35 27
35 30
35 32
35 36
35 49
35 64
35 65
35 78
35 80
35 84
35 86
35 96
36 10
36 25
36 35
36 46
36 50
36 71
36 75
36 83
36 87
37 3
37 8
37 13
37 16
37 29
37 42
37 45
37 56
37 64
37 76
37 83
37 92
37 93
38 91
39 4
39 11
39 44
39 45
39 55
39 82
39 85
40 12
40 18
40 34
40 45
40 46
40 50
40 52
40 63
40 64
40 70
40 78
40 83
40 85
40 96
41 10
41 19
41 32
41 45
41 55
41 61
41 78
41 88
41 96
41 98
42 19
42 22
42 34
42 37
42 45
42 52
42 73
42 83
42 91
43 25
43 34
43 59
43 80
43 87
44 1
44 9
44 22
44 26
44 28
44 39
44 96
45 13
45 15
45 21
45 34
45 37
45 39
45 40
45 41
45 42
45 51
45 54
45 72
45 81
45 91
45 95
46 2
46 13
46 36
46 40
46 62
46 63
46 71
46 92
47 6
47 11
47 14
47 32
47 50
47 55
47 81
47 96
48 8
48 16
48 49
48 53
48 68
48 79
48 80
48 81
48 95
48 96
49 34
49 35
49 48
49 58
49 89
49 97
50 8
50 20
50 36
50 40
50 47
50 55
50 98
51 24
51 45
51 70
51 86
52 7
52 19
52 26
52 40
52 42
52 80
52 87
52 93
52 94
53 48
53 71
53 75
53 85
53 86
53 93
53 98
54 2
54 6
54 16
54 18
54 19
54 28
54 45
54 56
54 57
54 71
54 74
54 94
55 3
55 5
55 25
55 26
55 39
55 41
55 47
55 50
55 60
55 86
56 17
56 27
56 37
56 54
56 67
56 74
56 78
56 90
56 95
57 29
57 54
57 69
57 84
57 94
57 95
58 13
58 16
58 30
58 34
58 49
58 59
58 74
58 82
58 83
58 91
58 94
58 95
59 19
59 43
59 58
59 98
60 9
60 11
60 21
60 27
60 33
60 55
60 65
60 70
60 74
60 79
60 83
60 93
61 9
61 10
61 15
61 41
61 71
61 73
61 84
62 5
62 27
62 28
62 46
62 63
62 72
63 12
63 18
63 19
63 27
63 32
63 33
63 40
63 46
63 62
63 90
64 14
64 26
64 35
64 37
64 40
64 70
64 83
64 89
65 15
65 18
65 27
65 35
65 60
65 90
66 1
66 14
66 73
66 84
67 3
67 4
67 8
67 12
67 15
67 56
67 87
68 5
68 12
68 19
68 48
68 84
68 87
68 88
68 93
68 97
69 57
69 80
69 99
70 6
70 7
70 15
70 25
70 40
70 51
70 60
70 64
71 7
71 11
71 36
71 46
71 53
71 54
71 61
72 6
72 8
72 33
72 45
72 62
72 79
72 85
72 96
73 21
73 42
73 61
73 66
73 95
74 5
74 7
74 12
74 54
74 56
74 58
74 60
74 86
74 93
74 96
75 1
75 6
75 12
75 36
75 53
75 85
75 90
76 12
76 13
76 14
76 27
76 31
76 37
76 85
76 89
76 92
76 98
77 2
77 3
77 18
77 81
77 82
77 86
77 94
77 96
78 20
78 26
78 31
78 35
78 40
78 41
78 56
78 97
79 14
79 48
79 60
79 72
79 85
79 86
80 9
80 21
80 26
80 28
80 34
80 35
80 43
80 48
80 52
80 69
81 12
81 28
81 45
81 47
81 48
81 77
81 94
82 14
82 15
82 28
82 33
82 39
82 58
82 77
83 25
83 36
83 37
83 40
83 42
83 58
83 60
83 64
84 2
84 17
84 19
84 34
84 35
84 57
84 61
84 66
84 68
85 4
85 30
85 39
85 40
85 53
85 72
85 75
85 76
85 79
85 88
85 90
86 11
86 35
86 51
86 53
86 55
86 74
86 77
86 79
87 0
87 20
87 36
87 43
87 52
87 67
87 68
87 94
88 7
88 20
88 33
88 41
88 68
88 85
89 12
89 16
89 49
89 64
89 76
89 93
90 2
90 21
90 31
90 32
90 56
90 63
90 65
90 75
90 85
90 92
91 38
91 42
91 45
91 58
92 1
92 28
92 31
92 37
92 46
92 76
92 90
93 5
93 15
93 28
93 37
93 52
93 53
93 60
93 68
93 74
93 89
93 95
94 0
94 4
94 11
94 33
94 52
94 54
94 57
94 58
94 77
94 81
94 87
95 10
95 16
95 45
95 48
95 56
95 57
95 58
95 73
95 93
96 35
96 40
96 41
96 44
96 47
96 48
96 72
96 74
96 77
97 12
97 16
97 19
97 21
97 49
97 68
97 78
98 7
98 10
98 11
98 24
98 25
98 32
98 41
98 50
98 53
98 59
98 76
99 1
99 20
99 26
99 30
99 69
