100
0 41
0 85
1 8
1 27
1 46
1 69
1 97
2 24
2 42
2 51
2 63
2 78
2 80
2 97
3 16
3 21
3 36
3 51
3 57
3 78
3 94
4 14
4 16
4 23
4 35
4 55
4 64
5 12
5 21
5 31
5 33
5 35
5 51
5 86
5 91
6 11
6 32
6 34
6 46
6 59
6 77
6 82
6 85
7 13
7 29
7 45
7 53
7 64
7 78
7 85
7 98
8 1
8 18
8 22
8 23
8 29
8 30
8 33
8 36
8 39
8 57
8 64
8 65
8 73
9 22
9 23
9 24
9 36
9 40
9 41
9 69
9 92
10 20
10 35
10 37
10 41
10 57
10 62
10 72
10 73
11 6
11 37
11 48
11 49
11 65
11 72
11 96
12 5
12 13
12 16
12 20
12 38
12 59
12 70
12 72
12 73
12 76
12 85
12 86
12 98
13 7
13 12
13 24
13 27
13 32
13 57
13 65
13 66
13 67
13 90
14 4
14 16
14 22
14 44
14 49
14 70
14 75
14 83
15 38
15 58
15 72
16 3
16 4
16 12
16 14
16 53
16 73
16 74
16 77
16 91
16 94
17 29
17 36
17 61
17 65
17 69
17 75
17 89
17 96
18 8
18 60
18 71
18 90
18 95
18 96
19 32
19 45
19 48
19 59
19 68
19 84
19 93
20 10
20 12
20 26
20 38
20 48
20 53
20 62
20 66
20 87
20 89
20 95
21 3
21 5
21 33
21 35
21 44
21 51
21 60
22 8
22 9
22 14
22 42
22 44
22 57
22 58
22 63
22 90
23 4
23 8
23 9
23 42
23 48
23 61
23 69
23 71
23 87
23 98
24 2
24 9
24 13
24 41
24 47
24 57
24 59
24 67
24 71
24 98
25 33
25 50
25 56
25 66
25 71
25 72
25 89
25 96
26 20
26 53
26 54
26 57
26 59
26 65
26 78
26 80
26 84
26 94
27 1
27 13
27 28
27 42
27 44
27 47
27 75
27 77
28 27
28 89
29 7
29 8
29 17
29 41
29 50
29 62
29 78
30 8
30 36
30 39
30 58
31 5
31 55
31 75
31 86
32 6
32 13
32 19
32 60
32 67
32 88
32 96
33 5
33 8
33 21
33 25
33 34
33 42
33 46
33 85
33 95
34 6
34 33
34 42
34 43
34 45
34 57
34 67
34 79
34 90
35 4
35 5
35 10
35 21
35 52
35 55
35 65
35 66
35 82
35 96
36 3
36 8
36 9
36 17
36 30
36 37
36 45
36 48
36 51
36 54
36 67
36 68
36 71
36 72
36 78
36 91
36 95
37 10
37 11
37 36
37 44
37 48
37 82
38 12
38 15
38 20
38 40
38 69
38 88
38 97
39 8
39 30
39 52
39 55
39 57
39 82
39 99
40 9
40 38
40 48
40 63
40 86
40 91
40 97
40 98
41 0
41 9
41 10
41 24
41 29
41 42
41 82
41 84
41 85
41 91
42 2
42 22
42 23
42 27
42 33
42 34
42 41
42 60
42 66
42 84
42 93
42 96
43 34
43 48
43 58
43 84
43 86
43 96
44 14
44 21
44 22
44 27
44 37
44 62
45 7
45 19
45 34
45 36
45 47
45 48
45 67
45 73
45 86
46 1
46 6
46 33
46 75
46 77
46 86
47 24
47 27
47 45
47 50
47 80
48 11
48 19
48 20
48 23
48 36
48 37
48 40
48 43
48 45
48 49
48 60
48 75
48 86
49 11
49 14
49 48
49 50
49 56
49 58
49 63
49 73
49 74
49 83
49 85
49 93
49 94
49 95
49 98
50 25
50 29
50 47
50 49
50 72
50 73
50 77
50 80
50 93
51 2
51 3
51 5
51 21
51 36
51 53
51 55
51 62
51 66
51 77
51 88
52 35
52 39
52 68
52 72
52 85
52 86
52 87
53 7
53 16
53 20
53 26
53 51
53 63
53 67
53 71
53 91
54 26
54 36
54 55
54 64
54 67
55 4
55 31
55 35
55 39
55 51
55 54
55 57
55 58
55 61
55 75
55 76
55 80
55 82
55 92
55 95
56 25
56 49
56 65
56 95
56 97
57 3
57 8
57 10
57 13
57 22
57 24
57 26
57 34
57 39
57 55
57 85
57 90
57 92
58 15
58 22
58 30
58 43
58 49
58 55
58 66
58 71
58 72
58 86
59 6
59 12
59 19
59 24
59 26
59 77
59 99
60 18
60 21
60 32
60 42
60 48
60 66
60 76
61 17
61 23
61 55
61 75
61 89
61 92
62 10
62 20
62 29
62 44
62 51
62 65
62 99
63 2
63 22
63 40
63 49
63 53
63 67
63 78
63 89
64 4
64 7
64 8
64 54
64 76
64 87
65 8
65 11
65 13
65 17
65 26
65 35
65 56
65 62
65 72
65 74
66 13
66 20
66 25
66 35
66 42
66 51
66 58
66 60
66 80
67 13
67 24
67 32
67 34
67 36
67 45
67 53
67 54
67 63
67 79
67 88
67 89
67 99
68 19
68 36
68 52
69 1
69 9
69 17
69 23
69 38
69 71
69 73
69 78
69 81
69 83
69 85
69 93
69 96
70 12
70 14
71 18
71 23
71 24
71 25
71 36
71 53
71 58
71 69
71 83
71 87
71 92
72 10
72 11
72 12
72 15
72 25
72 36
72 50
72 52
72 58
72 65
72 99
73 8
73 10
73 12
73 16
73 45
73 49
73 50
73 69
74 16
74 49
74 65
74 83
74 84
74 97
75 14
75 17
75 27
75 31
75 46
75 48
75 55
75 61
75 92
76 12
76 55
76 60
76 64
77 6
77 16
77 27
77 46
77 50
77 51
77 59
77 81
77 92
77 97
78 2
78 3
78 7
78 26
78 29
78 36
78 63
78 69
78 88
79 34
79 67
80 2
80 26
80 47
80 50
80 55
80 66
80 90
80 94
81 69
81 77
81 91
82 6
82 35
82 37
82 39
82 41
82 55
83 14
83 49
83 69
83 71
83 74
83 93
84 19
84 26
84 41
84 42
84 43
84 74
84 94
84 96
85 0
85 6
85 7
85 12
85 33
85 41
85 49
85 52
85 57
85 69
85 92
86 5
86 12
86 31
86 40
86 43
86 45
86 46
86 48
86 52
86 58
86 99
87 20
87 23
87 52
87 64
87 71
87 92
87 94
88 32
88 38
88 51
88 67
88 78
89 17
89 20
89 25
89 28
89 61
89 63
89 67
90 13
90 18
90 22
90 34
90 57
90 80
90 93
91 5
91 16
91 36
91 40
91 41
91 53
91 81
92 9
92 55
92 57
92 61
92 71
92 75
92 77
92 85
92 87
92 93
92 99
93 19
93 42
93 49
93 50
93 69
93 83
93 90
93 92
94 3
94 16
94 26
94 49
94 80
94 84
94 87
94 95
95 18
95 20
95 33
95 36
95 49
95 55
95 56
95 94
96 11
96 17
96 18
96 25
96 32
96 35
96 42
96 43
96 69
96 84
97 1
97 2
97 38
97 40
97 56
97 74
97 77
98 7
98 12
98 23
98 24
98 40
98 49
99 39
99 59
99 62
99 67
99 72
99 86
99 92
