100
0 0 861
0 8 0
0 12 0
0 15 0
0 29 0
0 51 0
0 78 0
1 1 540
1 11 0
1 25 0
1 68 0
1 81 0
1 92 0
2 2 460
2 3 0
2 19 0
2 67 0
3 2 0
3 3 141
3 37 0
3 47 0
3 54 0
3 94 0
4 4 260
4 11 0
4 15 0
4 35 0
4 72 0
4 87 0
5 5 207
5 11 0
5 76 0
6 6 141
6 28 0
6 36 0
6 39 0
6 67 0
6 85 0
6 88 0
7 7 166
7 43 0
7 53 0
7 79 0
8 0 0
8 8 859
8 45 0
8 52 0
8 63 0
8 86 0
9 9 557
9 38 0
9 51 0
9 62 0
9 97 0
10 10 664
10 62 0
10 71 0
10 82 0
10 93 0
11 1 0
11 4 0
11 5 0
11 11 941
11 21 0
11 77 0
11 94 0
11 99 0
12 0 0
12 12 592
12 18 0
12 20 0
12 31 0
12 75 0
12 76 0
13 13 975
13 23 0
13 38 0
13 42 0
13 60 0
13 71 0
14 14 78
14 25 0
14 36 0
14 95 0
15 0 0
15 4 0
15 15 430
15 40 0
15 53 0
16 16 724
16 33 0
16 61 0
16 65 0
16 82 0
17 17 11
17 26 0
17 99 0
18 12 0
18 18 997
18 25 0
18 28 0
18 50 0
18 67 0
19 2 0
19 19 169
19 29 0
19 51 0
19 59 0
19 66 0
19 75 0
19 91 0
20 12 0
20 20 341
20 23 0
20 30 0
20 42 0
20 48 0
20 54 0
20 56 0
20 59 0
20 90 0
21 11 0
21 21 240
21 70 0
21 84 0
22 22 378
22 51 0
22 71 0
22 78 0
22 88 0
22 99 0
23 13 0
23 20 0
23 23 254
23 31 0
23 35 0
23 69 0
23 72 0
23 73 0
23 77 0
23 96 0
24 24 134
25 1 0
25 14 0
25 18 0
25 25 345
25 26 0
25 36 0
25 55 0
25 88 0
25 95 0
26 17 0
26 25 0
26 26 390
26 28 0
26 78 0
26 83 0
27 27 155
27 37 0
27 49 0
27 89 0
28 6 0
28 18 0
28 26 0
28 28 179
28 49 0
28 74 0
28 89 0
29 0 0
29 19 0
29 29 198
29 33 0
29 59 0
29 69 0
29 73 0
30 20 0
30 30 901
30 31 0
31 12 0
31 23 0
31 30 0
31 31 750
31 90 0
32 32 559
32 37 0
32 52 0
32 53 0
32 79 0
32 80 0
32 86 0
33 16 0
33 29 0
33 33 761
33 38 0
33 45 0
33 49 0
33 78 0
33 87 0
34 34 443
34 45 0
34 62 0
34 63 0
35 4 0
35 23 0
35 35 82
35 36 0
35 37 0
35 39 0
35 70 0
35 86 0
35 90 0
36 6 0
36 14 0
36 25 0
36 35 0
36 36 746
36 61 0
36 64 0
36 71 0
37 3 0
37 27 0
37 32 0
37 35 0
37 37 996
37 59 0
38 9 0
38 13 0
38 33 0
38 38 765
38 69 0
39 6 0
39 35 0
39 39 548
39 65 0
39 71 0
40 15 0
40 40 220
40 70 0
41 41 766
41 78 0
41 96 0
42 13 0
42 20 0
42 42 381
42 46 0
42 62 0
42 63 0
43 7 0
43 43 329
43 91 0
44 44 252
44 87 0
45 8 0
45 33 0
45 34 0
45 45 285
45 51 0
45 52 0
46 42 0
46 46 488
46 53 0
46 61 0
46 66 0
46 71 0
46 73 0
47 3 0
47 47 977
47 95 0
48 20 0
48 48 981
48 70 0
48 83 0
49 27 0
49 28 0
49 33 0
49 49 155
50 18 0
50 50 934
50 56 0
51 0 0
51 9 0
51 19 0
51 22 0
51 45 0
51 51 702
51 92 0
52 8 0
52 32 0
52 45 0
52 52 168
53 7 0
53 15 0
53 32 0
53 46 0
53 53 61
53 82 0
54 3 0
54 20 0
54 54 480
55 25 0
55 55 952
56 20 0
56 50 0
56 56 362
57 57 584
58 58 938
59 19 0
59 20 0
59 29 0
59 37 0
59 59 721
59 93 0
60 13 0
60 60 559
60 92 0
61 16 0
61 36 0
61 46 0
61 61 14
61 79 0
61 84 0
62 9 0
62 10 0
62 34 0
62 42 0
62 62 614
62 63 0
62 76 0
62 78 0
62 92 0
63 8 0
63 34 0
63 42 0
63 62 0
63 63 921
63 66 0
63 70 0
63 81 0
64 36 0
64 64 942
64 85 0
65 16 0
65 39 0
65 65 77
66 19 0
66 46 0
66 63 0
66 66 915
67 2 0
67 6 0
67 18 0
67 67 732
67 80 0
68 1 0
68 68 920
68 84 0
69 23 0
69 29 0
69 38 0
69 69 904
69 96 0
70 21 0
70 35 0
70 40 0
70 48 0
70 63 0
70 70 354
70 78 0
70 81 0
70 91 0
71 10 0
71 13 0
71 22 0
71 36 0
71 39 0
71 46 0
71 71 908
72 4 0
72 23 0
72 72 169
73 23 0
73 29 0
73 46 0
73 73 683
73 89 0
73 94 0
74 28 0
74 74 157
75 12 0
75 19 0
75 75 702
75 78 0
75 80 0
76 5 0
76 12 0
76 62 0
76 76 860
77 11 0
77 23 0
77 77 490
78 0 0
78 22 0
78 26 0
78 33 0
78 41 0
78 62 0
78 70 0
78 75 0
78 78 107
79 7 0
79 32 0
79 61 0
79 79 208
80 32 0
80 67 0
80 75 0
80 80 446
80 93 0
80 97 0
81 1 0
81 63 0
81 70 0
81 81 343
82 10 0
82 16 0
82 53 0
82 82 389
82 86 0
83 26 0
83 48 0
83 83 91
83 90 0
84 21 0
84 61 0
84 68 0
84 84 741
85 6 0
85 64 0
85 85 808
86 8 0
86 32 0
86 35 0
86 82 0
86 86 332
87 4 0
87 33 0
87 44 0
87 87 702
87 96 0
88 6 0
88 22 0
88 25 0
88 88 194
89 27 0
89 28 0
89 73 0
89 89 676
90 20 0
90 31 0
90 35 0
90 83 0
90 90 556
91 19 0
91 43 0
91 70 0
91 91 230
91 97 0
92 1 0
92 51 0
92 60 0
92 62 0
92 92 87
93 10 0
93 59 0
93 80 0
93 93 709
94 3 0
94 11 0
94 73 0
94 94 533
94 97 0
95 14 0
95 25 0
95 47 0
95 95 537
96 23 0
96 41 0
96 69 0
96 87 0
96 96 714
97 9 0
97 80 0
97 91 0
97 94 0
97 97 531
98 98 781
99 11 0
99 17 0
99 22 0
99 99 571
