15
0 4
0 5
0 6
0 8
0 9
0 10
1 5
1 10
1 11
1 13
2 5
2 9
2 11
2 12
2 13
3 5
3 10
3 12
3 14
4 0
4 5
4 6
4 7
4 8
4 10
4 13
5 0
5 1
5 2
5 3
5 4
5 6
5 7
5 8
5 10
5 12
5 13
5 14
6 0
6 4
6 5
6 8
6 10
6 11
6 12
6 13
7 4
7 5
7 8
7 13
7 14
8 0
8 4
8 5
8 6
8 7
8 9
8 10
8 11
8 12
8 13
8 14
9 0
9 2
9 8
9 11
9 12
10 0
10 1
10 3
10 4
10 5
10 6
10 8
10 11
10 13
11 1
11 2
11 6
11 8
11 9
11 10
11 12
11 13
12 2
12 3
12 5
12 6
12 8
12 9
12 11
13 1
13 2
13 4
13 5
13 6
13 7
13 8
13 10
13 11
13 14
14 3
14 5
14 7
14 8
14 13
