15
0 2
0 3
0 5
0 6
0 8
0 9
0 10
0 11
0 13
1 2
1 4
1 5
1 6
1 7
1 8
1 9
1 11
1 13
1 14
2 0
2 1
2 3
2 5
2 6
2 7
2 8
2 9
2 10
2 11
2 12
2 13
3 0
3 2
3 5
3 6
3 7
3 8
3 9
3 10
3 11
3 12
3 14
4 1
4 5
4 7
4 8
4 9
4 10
4 11
4 12
4 14
5 0
5 1
5 2
5 3
5 4
5 8
5 9
5 10
5 13
5 14
6 0
6 1
6 2
6 3
6 7
6 9
6 10
6 13
6 14
7 1
7 2
7 3
7 4
7 6
7 8
7 11
7 12
7 13
7 14
8 0
8 1
8 2
8 3
8 4
8 5
8 7
8 9
8 10
8 11
9 0
9 1
9 2
9 3
9 4
9 5
9 6
9 8
9 10
9 13
9 14
10 0
10 2
10 3
10 4
10 5
10 6
10 8
10 9
10 11
10 14
11 0
11 1
11 2
11 3
11 4
11 7
11 8
11 10
11 12
11 13
11 14
12 2
12 3
12 4
12 7
12 11
12 14
13 0
13 1
13 2
13 5
13 6
13 7
13 9
13 11
13 14
14 1
14 3
14 4
14 5
14 6
14 7
14 9
14 10
14 11
14 12
14 13
