200
0 0 956
1 1 1071
2 2 986
3 3 822
4 4 1417
5 5 284
6 6 1819
7 7 35
8 8 1041
9 9 59
10 10 313
11 11 636
12 12 369
13 13 812
14 14 144
15 15 1029
16 16 428
17 17 154
18 18 558
19 19 514
20 20 208
21 21 1703
22 22 1987
23 23 491
24 24 1408
25 25 849
26 26 593
27 27 914
28 28 803
29 29 1244
30 30 1134
31 31 603
32 32 607
33 33 755
34 34 1443
35 35 180
36 36 841
37 37 833
38 38 1459
39 39 262
40 40 1183
41 41 982
42 42 1313
43 43 1541
44 44 381
45 45 1435
46 46 1671
47 47 753
48 48 1216
49 49 24
50 50 868
51 51 423
52 52 99
53 53 1204
54 54 224
55 55 1495
56 56 77
57 57 866
58 58 141
59 59 886
60 60 1992
61 61 449
62 62 424
63 63 1577
64 64 742
65 65 867
66 66 1806
67 67 1791
68 68 895
69 69 1049
70 70 672
71 71 723
72 72 786
73 73 1745
74 74 1251
75 75 1932
76 76 43
77 77 1329
78 78 305
79 79 1798
80 80 737
81 81 488
82 82 1093
83 83 1829
84 84 691
85 85 577
86 86 1160
87 87 803
88 88 949
89 89 1885
90 90 1407
91 91 1239
92 92 1261
93 93 349
94 94 168
95 95 1491
96 96 1645
97 97 864
98 98 158
99 99 563
100 100 1162
101 101 1713
102 102 1494
103 103 1771
104 104 508
105 105 139
106 106 1984
107 107 1967
108 108 1670
109 109 1956
110 110 1803
111 111 1614
112 112 1606
113 113 615
114 114 682
115 115 1778
116 116 977
117 117 1160
118 118 142
119 119 1570
120 120 1125
121 121 96
122 122 824
123 123 295
124 124 1295
125 125 1850
126 126 1082
127 127 1283
128 128 821
129 129 1737
130 130 1050
131 131 1146
132 132 536
133 133 1622
134 134 849
135 135 1297
136 136 422
137 137 1754
138 138 1970
139 139 791
140 140 427
141 141 8
142 142 1784
143 143 385
144 144 497
145 145 1367
146 146 1830
147 147 1628
148 148 684
149 149 584
150 150 988
151 151 921
152 152 1021
153 153 1676
154 154 343
155 155 993
156 156 957
157 157 341
158 158 637
159 159 1644
160 160 1216
161 161 1053
162 162 134
163 163 388
164 164 1092
165 165 636
166 166 341
167 167 26
168 168 514
169 169 1699
170 170 892
171 171 375
172 172 1418
173 173 726
174 174 1193
175 175 281
176 176 1969
177 177 1446
178 178 1394
179 179 1010
180 180 1542
181 181 1690
182 182 1289
183 183 1128
184 184 1988
185 185 1821
186 186 1795
187 187 251
188 188 1655
189 189 1413
190 190 925
191 191 606
192 192 631
193 193 590
194 194 949
195 195 1968
196 196 1679
197 197 1748
198 198 977
199 199 1483
