200
0 0 1366
0 17 0
0 18 0
0 50 0
0 53 0
0 56 0
0 106 0
0 129 0
0 175 0
0 179 0
1 1 1366
1 69 0
1 91 0
1 101 0
1 113 0
1 151 0
1 167 0
2 2 1392
2 35 0
2 38 0
2 95 0
2 96 0
2 108 0
2 125 0
2 133 0
2 134 0
2 141 0
2 154 0
2 157 0
2 168 0
3 3 690
3 4 0
3 55 0
3 63 0
3 94 0
3 108 0
3 113 0
3 129 0
3 131 0
3 160 0
3 178 0
4 3 0
4 4 423
4 110 0
4 136 0
4 140 0
4 147 0
4 174 0
4 181 0
4 184 0
5 5 311
5 24 0
5 54 0
5 100 0
5 146 0
5 159 0
5 177 0
6 6 394
6 18 0
6 21 0
6 35 0
6 76 0
6 88 0
6 98 0
6 113 0
6 123 0
6 134 0
6 155 0
6 157 0
6 179 0
6 195 0
7 7 649
7 15 0
7 34 0
7 44 0
7 76 0
7 90 0
7 100 0
7 163 0
7 171 0
7 172 0
7 197 0
8 8 495
8 9 0
8 10 0
8 15 0
8 16 0
8 17 0
8 18 0
8 28 0
8 84 0
8 88 0
8 113 0
8 119 0
8 169 0
8 192 0
9 8 0
9 9 1227
9 53 0
9 89 0
9 125 0
9 172 0
9 194 0
9 196 0
10 8 0
10 10 1611
10 30 0
10 105 0
10 139 0
10 144 0
10 163 0
10 166 0
11 11 852
11 26 0
11 38 0
11 44 0
11 49 0
11 54 0
11 95 0
11 176 0
11 182 0
12 12 60
12 19 0
12 65 0
12 71 0
12 104 0
12 120 0
12 169 0
12 171 0
13 13 1330
13 28 0
13 33 0
13 35 0
13 43 0
13 76 0
13 80 0
13 154 0
13 181 0
13 188 0
14 14 1553
14 27 0
14 104 0
14 123 0
14 129 0
14 139 0
14 141 0
14 143 0
14 160 0
14 173 0
14 190 0
15 7 0
15 8 0
15 15 231
15 59 0
15 73 0
15 80 0
15 136 0
15 186 0
15 189 0
16 8 0
16 16 964
16 24 0
16 32 0
16 47 0
16 52 0
16 61 0
16 74 0
16 94 0
16 107 0
17 0 0
17 8 0
17 17 640
17 34 0
17 73 0
17 86 0
17 146 0
17 156 0
17 161 0
17 185 0
17 186 0
18 0 0
18 6 0
18 8 0
18 18 532
18 33 0
18 93 0
18 123 0
19 12 0
19 19 1867
19 27 0
19 97 0
19 131 0
19 136 0
19 145 0
19 184 0
19 195 0
20 20 743
20 83 0
20 100 0
20 128 0
20 151 0
20 174 0
21 6 0
21 21 375
21 47 0
21 76 0
21 95 0
21 162 0
21 171 0
21 184 0
22 22 278
22 42 0
22 104 0
22 109 0
22 139 0
22 167 0
22 179 0
22 189 0
23 23 1972
23 48 0
23 59 0
23 79 0
23 80 0
23 161 0
23 165 0
23 184 0
23 198 0
24 5 0
24 16 0
24 24 1953
24 55 0
24 56 0
24 66 0
24 94 0
24 122 0
24 163 0
24 168 0
25 25 931
25 80 0
25 162 0
25 186 0
26 11 0
26 26 941
26 29 0
26 46 0
26 117 0
26 122 0
27 14 0
27 19 0
27 27 1299
27 44 0
27 53 0
27 82 0
27 87 0
27 96 0
27 115 0
27 131 0
27 135 0
27 155 0
27 159 0
27 163 0
27 170 0
28 8 0
28 13 0
28 28 524
28 59 0
28 138 0
28 195 0
29 26 0
29 29 250
29 46 0
29 70 0
29 77 0
29 91 0
29 166 0
29 187 0
29 196 0
30 10 0
30 30 1833
30 52 0
30 78 0
30 100 0
30 103 0
30 173 0
30 187 0
31 31 1538
31 34 0
31 42 0
31 71 0
31 88 0
31 118 0
31 124 0
31 189 0
32 16 0
32 32 1162
32 34 0
32 52 0
32 67 0
32 96 0
32 97 0
32 152 0
32 165 0
32 171 0
32 198 0
33 13 0
33 18 0
33 33 1112
33 50 0
33 75 0
33 78 0
33 81 0
33 126 0
33 127 0
33 135 0
33 155 0
33 188 0
34 7 0
34 17 0
34 31 0
34 32 0
34 34 349
34 74 0
34 128 0
34 136 0
34 157 0
35 2 0
35 6 0
35 13 0
35 35 1129
35 94 0
35 105 0
35 114 0
35 180 0
35 181 0
36 36 223
36 44 0
36 53 0
36 63 0
36 104 0
36 134 0
36 154 0
36 164 0
37 37 1572
37 80 0
37 86 0
37 98 0
37 148 0
37 179 0
38 2 0
38 11 0
38 38 814
38 70 0
38 86 0
38 110 0
38 144 0
38 178 0
38 179 0
39 39 751
39 44 0
39 45 0
39 75 0
39 95 0
39 106 0
39 140 0
39 142 0
39 157 0
39 171 0
39 177 0
40 40 1910
40 57 0
40 87 0
40 116 0
40 196 0
41 41 1979
41 63 0
41 65 0
41 152 0
41 186 0
41 191 0
41 195 0
41 198 0
42 22 0
42 31 0
42 42 1149
42 50 0
42 64 0
42 93 0
42 151 0
42 159 0
42 189 0
42 196 0
43 13 0
43 43 630
43 64 0
43 67 0
43 137 0
43 167 0
43 168 0
43 177 0
43 191 0
44 7 0
44 11 0
44 27 0
44 36 0
44 39 0
44 44 479
44 66 0
44 67 0
44 70 0
44 109 0
44 135 0
44 193 0
45 39 0
45 45 493
45 48 0
45 102 0
45 123 0
45 143 0
45 148 0
46 26 0
46 29 0
46 46 1837
46 49 0
46 61 0
46 121 0
46 127 0
46 155 0
46 180 0
46 181 0
47 16 0
47 21 0
47 47 1545
47 74 0
47 78 0
48 23 0
48 45 0
48 48 122
48 60 0
48 111 0
49 11 0
49 46 0
49 49 826
49 61 0
49 78 0
49 87 0
49 95 0
49 122 0
49 133 0
49 167 0
50 0 0
50 33 0
50 42 0
50 50 52
50 63 0
50 70 0
50 83 0
50 136 0
50 184 0
51 51 1254
51 56 0
51 170 0
51 177 0
52 16 0
52 30 0
52 32 0
52 52 650
52 92 0
52 98 0
52 103 0
53 0 0
53 9 0
53 27 0
53 36 0
53 53 1334
53 63 0
53 119 0
53 151 0
53 156 0
53 174 0
54 5 0
54 11 0
54 54 1636
54 58 0
54 67 0
54 101 0
54 142 0
54 144 0
54 148 0
54 149 0
54 153 0
54 165 0
54 181 0
55 3 0
55 24 0
55 55 1820
55 56 0
55 74 0
55 105 0
55 107 0
55 119 0
55 126 0
55 147 0
55 172 0
55 177 0
56 0 0
56 24 0
56 51 0
56 55 0
56 56 1902
56 85 0
56 106 0
56 147 0
56 148 0
56 154 0
56 160 0
56 166 0
57 40 0
57 57 277
57 95 0
57 112 0
57 122 0
57 151 0
57 175 0
58 54 0
58 58 1198
58 88 0
58 104 0
58 116 0
58 146 0
58 194 0
59 15 0
59 23 0
59 28 0
59 59 173
59 68 0
59 127 0
59 153 0
59 189 0
60 48 0
60 60 506
60 72 0
60 73 0
60 75 0
60 106 0
60 138 0
60 149 0
61 16 0
61 46 0
61 49 0
61 61 1158
61 109 0
61 113 0
61 124 0
61 136 0
61 190 0
62 62 1732
62 79 0
62 111 0
62 138 0
62 148 0
62 154 0
62 158 0
62 164 0
62 169 0
62 186 0
63 3 0
63 36 0
63 41 0
63 50 0
63 53 0
63 63 516
63 78 0
63 88 0
63 141 0
63 151 0
63 156 0
63 159 0
63 171 0
63 178 0
63 194 0
63 196 0
64 42 0
64 43 0
64 64 1401
64 130 0
64 135 0
64 148 0
64 168 0
64 177 0
65 12 0
65 41 0
65 65 112
65 87 0
65 146 0
65 167 0
65 174 0
65 198 0
66 24 0
66 44 0
66 66 221
66 83 0
66 99 0
66 167 0
66 177 0
67 32 0
67 43 0
67 44 0
67 54 0
67 67 574
67 107 0
67 124 0
67 183 0
68 59 0
68 68 203
68 76 0
68 132 0
68 145 0
68 154 0
69 1 0
69 69 1404
69 81 0
69 123 0
69 158 0
69 199 0
70 29 0
70 38 0
70 44 0
70 50 0
70 70 685
70 102 0
70 149 0
70 170 0
70 193 0
71 12 0
71 31 0
71 71 1454
71 74 0
71 76 0
71 120 0
71 121 0
71 154 0
71 158 0
71 167 0
71 191 0
72 60 0
72 72 128
72 133 0
72 186 0
73 15 0
73 17 0
73 60 0
73 73 978
73 79 0
73 109 0
73 112 0
73 117 0
73 143 0
73 198 0
74 16 0
74 34 0
74 47 0
74 55 0
74 71 0
74 74 1172
74 131 0
74 149 0
74 155 0
74 164 0
74 165 0
75 33 0
75 39 0
75 60 0
75 75 330
75 119 0
76 6 0
76 7 0
76 13 0
76 21 0
76 68 0
76 71 0
76 76 1580
76 85 0
76 108 0
76 109 0
76 154 0
76 177 0
76 187 0
77 29 0
77 77 1301
77 117 0
78 30 0
78 33 0
78 47 0
78 49 0
78 63 0
78 78 927
78 124 0
78 176 0
78 179 0
79 23 0
79 62 0
79 73 0
79 79 1643
79 80 0
79 89 0
79 90 0
79 104 0
79 115 0
79 117 0
79 157 0
79 175 0
80 13 0
80 15 0
80 23 0
80 25 0
80 37 0
80 79 0
80 80 14
80 82 0
80 88 0
80 91 0
80 102 0
80 134 0
80 154 0
81 33 0
81 69 0
81 81 495
81 95 0
81 131 0
81 157 0
82 27 0
82 80 0
82 82 151
82 96 0
82 108 0
82 121 0
82 150 0
82 158 0
82 159 0
82 160 0
82 193 0
83 20 0
83 50 0
83 66 0
83 83 347
83 149 0
83 180 0
84 8 0
84 84 1642
84 98 0
84 100 0
84 103 0
84 123 0
84 146 0
84 154 0
85 56 0
85 76 0
85 85 250
85 155 0
85 183 0
86 17 0
86 37 0
86 38 0
86 86 1109
86 93 0
86 100 0
86 161 0
87 27 0
87 40 0
87 49 0
87 65 0
87 87 1192
87 105 0
87 118 0
87 139 0
87 145 0
87 149 0
87 151 0
88 6 0
88 8 0
88 31 0
88 58 0
88 63 0
88 80 0
88 88 1433
88 103 0
88 118 0
88 170 0
88 177 0
89 9 0
89 79 0
89 89 1405
89 97 0
89 100 0
89 125 0
89 127 0
89 155 0
89 175 0
89 194 0
90 7 0
90 79 0
90 90 1035
90 92 0
90 112 0
90 137 0
90 157 0
91 1 0
91 29 0
91 80 0
91 91 713
91 145 0
91 152 0
91 158 0
91 165 0
92 52 0
92 90 0
92 92 1350
92 119 0
92 122 0
92 147 0
93 18 0
93 42 0
93 86 0
93 93 1645
93 133 0
93 142 0
93 149 0
93 152 0
93 167 0
94 3 0
94 16 0
94 24 0
94 35 0
94 94 1561
94 138 0
94 147 0
94 170 0
94 184 0
94 185 0
94 194 0
95 2 0
95 11 0
95 21 0
95 39 0
95 49 0
95 57 0
95 81 0
95 95 1264
95 98 0
95 172 0
95 186 0
96 2 0
96 27 0
96 32 0
96 82 0
96 96 1575
96 102 0
96 140 0
96 151 0
96 188 0
97 19 0
97 32 0
97 89 0
97 97 1591
97 109 0
97 165 0
97 168 0
98 6 0
98 37 0
98 52 0
98 84 0
98 95 0
98 98 110
98 118 0
98 134 0
98 170 0
98 199 0
99 66 0
99 99 804
99 107 0
99 108 0
99 122 0
99 189 0
100 5 0
100 7 0
100 20 0
100 30 0
100 84 0
100 86 0
100 89 0
100 100 881
100 125 0
100 163 0
100 199 0
101 1 0
101 54 0
101 101 1028
101 115 0
101 176 0
101 184 0
102 45 0
102 70 0
102 80 0
102 96 0
102 102 115
102 187 0
102 191 0
103 30 0
103 52 0
103 84 0
103 88 0
103 103 946
103 114 0
103 151 0
103 169 0
104 12 0
104 14 0
104 22 0
104 36 0
104 58 0
104 79 0
104 104 598
104 139 0
104 187 0
105 10 0
105 35 0
105 55 0
105 87 0
105 105 653
105 151 0
106 0 0
106 39 0
106 56 0
106 60 0
106 106 1154
106 135 0
106 151 0
106 154 0
107 16 0
107 55 0
107 67 0
107 99 0
107 107 899
107 123 0
107 137 0
107 173 0
108 2 0
108 3 0
108 76 0
108 82 0
108 99 0
108 108 669
108 126 0
108 136 0
108 155 0
108 181 0
108 186 0
108 197 0
109 22 0
109 44 0
109 61 0
109 73 0
109 76 0
109 97 0
109 109 1901
109 138 0
109 141 0
109 167 0
109 193 0
110 4 0
110 38 0
110 110 4
110 114 0
110 115 0
110 158 0
110 179 0
110 188 0
111 48 0
111 62 0
111 111 1970
111 113 0
111 132 0
111 144 0
111 154 0
111 192 0
112 57 0
112 73 0
112 90 0
112 112 1630
112 125 0
112 143 0
112 153 0
112 161 0
112 195 0
113 1 0
113 3 0
113 6 0
113 8 0
113 61 0
113 111 0
113 113 1897
113 123 0
113 124 0
113 152 0
113 182 0
113 197 0
113 198 0
114 35 0
114 103 0
114 110 0
114 114 142
114 131 0
114 165 0
114 171 0
114 190 0
115 27 0
115 79 0
115 101 0
115 110 0
115 115 1610
115 124 0
115 187 0
115 198 0
116 40 0
116 58 0
116 116 432
116 118 0
116 176 0
117 26 0
117 73 0
117 77 0
117 79 0
117 117 1805
117 150 0
118 31 0
118 87 0
118 88 0
118 98 0
118 116 0
118 118 235
118 174 0
119 8 0
119 53 0
119 55 0
119 75 0
119 92 0
119 119 1641
119 142 0
119 154 0
119 192 0
120 12 0
120 71 0
120 120 707
120 127 0
120 153 0
120 184 0
120 190 0
121 46 0
121 71 0
121 82 0
121 121 1175
121 134 0
121 181 0
122 24 0
122 26 0
122 49 0
122 57 0
122 92 0
122 99 0
122 122 1848
122 136 0
122 149 0
122 184 0
122 199 0
123 6 0
123 14 0
123 18 0
123 45 0
123 69 0
123 84 0
123 107 0
123 113 0
123 123 1390
123 128 0
123 195 0
124 31 0
124 61 0
124 67 0
124 78 0
124 113 0
124 115 0
124 124 1444
124 128 0
124 129 0
124 132 0
124 148 0
124 157 0
124 178 0
124 181 0
124 195 0
125 2 0
125 9 0
125 89 0
125 100 0
125 112 0
125 125 1473
125 157 0
125 179 0
125 181 0
126 33 0
126 55 0
126 108 0
126 126 357
126 137 0
126 146 0
126 164 0
126 172 0
126 176 0
127 33 0
127 46 0
127 59 0
127 89 0
127 120 0
127 127 1906
127 139 0
127 141 0
128 20 0
128 34 0
128 123 0
128 124 0
128 128 1148
128 129 0
128 141 0
128 166 0
128 184 0
128 185 0
129 0 0
129 3 0
129 14 0
129 124 0
129 128 0
129 129 1654
130 64 0
130 130 820
130 137 0
130 145 0
130 165 0
130 182 0
130 198 0
131 3 0
131 19 0
131 27 0
131 74 0
131 81 0
131 114 0
131 131 737
131 142 0
131 148 0
131 175 0
131 198 0
132 68 0
132 111 0
132 124 0
132 132 102
132 151 0
132 163 0
133 2 0
133 49 0
133 72 0
133 93 0
133 133 842
133 141 0
133 150 0
133 156 0
133 190 0
133 194 0
134 2 0
134 6 0
134 36 0
134 80 0
134 98 0
134 121 0
134 134 330
134 141 0
134 142 0
134 154 0
134 161 0
134 173 0
134 179 0
135 27 0
135 33 0
135 44 0
135 64 0
135 106 0
135 135 1226
135 155 0
135 189 0
136 4 0
136 15 0
136 19 0
136 34 0
136 50 0
136 61 0
136 108 0
136 122 0
136 136 719
136 153 0
137 43 0
137 90 0
137 107 0
137 126 0
137 130 0
137 137 92
137 140 0
138 28 0
138 60 0
138 62 0
138 94 0
138 109 0
138 138 892
138 184 0
138 190 0
139 10 0
139 14 0
139 22 0
139 87 0
139 104 0
139 127 0
139 139 1375
139 146 0
139 174 0
140 4 0
140 39 0
140 96 0
140 137 0
140 140 1849
140 147 0
140 166 0
140 180 0
141 2 0
141 14 0
141 63 0
141 109 0
141 127 0
141 128 0
141 133 0
141 134 0
141 141 254
141 150 0
141 163 0
141 167 0
142 39 0
142 54 0
142 93 0
142 119 0
142 131 0
142 134 0
142 142 1018
142 146 0
142 173 0
142 179 0
142 186 0
143 14 0
143 45 0
143 73 0
143 112 0
143 143 900
144 10 0
144 38 0
144 54 0
144 111 0
144 144 940
144 184 0
145 19 0
145 68 0
145 87 0
145 91 0
145 130 0
145 145 367
145 152 0
145 153 0
145 156 0
146 5 0
146 17 0
146 58 0
146 65 0
146 84 0
146 126 0
146 139 0
146 142 0
146 146 548
146 162 0
146 184 0
147 4 0
147 55 0
147 56 0
147 92 0
147 94 0
147 140 0
147 147 1624
147 177 0
147 181 0
147 187 0
148 37 0
148 45 0
148 54 0
148 56 0
148 62 0
148 64 0
148 124 0
148 131 0
148 148 951
148 156 0
148 172 0
148 195 0
149 54 0
149 60 0
149 70 0
149 74 0
149 83 0
149 87 0
149 93 0
149 122 0
149 149 579
149 181 0
149 198 0
150 82 0
150 117 0
150 133 0
150 141 0
150 150 657
150 183 0
151 1 0
151 20 0
151 42 0
151 53 0
151 57 0
151 63 0
151 87 0
151 96 0
151 103 0
151 105 0
151 106 0
151 132 0
151 151 11
151 154 0
151 159 0
151 183 0
152 32 0
152 41 0
152 91 0
152 93 0
152 113 0
152 145 0
152 152 1441
152 187 0
153 54 0
153 59 0
153 112 0
153 120 0
153 136 0
153 145 0
153 153 1080
153 155 0
153 195 0
154 2 0
154 13 0
154 36 0
154 56 0
154 62 0
154 68 0
154 71 0
154 76 0
154 80 0
154 84 0
154 106 0
154 111 0
154 119 0
154 134 0
154 151 0
154 154 1342
154 178 0
154 180 0
154 185 0
154 188 0
154 194 0
155 6 0
155 27 0
155 33 0
155 46 0
155 74 0
155 85 0
155 89 0
155 108 0
155 135 0
155 153 0
155 155 741
155 166 0
155 189 0
156 17 0
156 53 0
156 63 0
156 133 0
156 145 0
156 148 0
156 156 1639
156 172 0
156 174 0
157 2 0
157 6 0
157 34 0
157 39 0
157 79 0
157 81 0
157 90 0
157 124 0
157 125 0
157 157 435
157 166 0
157 196 0
158 62 0
158 69 0
158 71 0
158 82 0
158 91 0
158 110 0
158 158 1407
158 165 0
158 194 0
159 5 0
159 27 0
159 42 0
159 63 0
159 82 0
159 151 0
159 159 1754
159 164 0
160 3 0
160 14 0
160 56 0
160 82 0
160 160 449
161 17 0
161 23 0
161 86 0
161 112 0
161 134 0
161 161 992
161 163 0
161 180 0
162 21 0
162 25 0
162 146 0
162 162 1246
162 167 0
163 7 0
163 10 0
163 24 0
163 27 0
163 100 0
163 132 0
163 141 0
163 161 0
163 163 598
163 190 0
164 36 0
164 62 0
164 74 0
164 126 0
164 159 0
164 164 1693
164 187 0
165 23 0
165 32 0
165 54 0
165 74 0
165 91 0
165 97 0
165 114 0
165 130 0
165 158 0
165 165 1028
165 172 0
166 10 0
166 29 0
166 56 0
166 128 0
166 140 0
166 155 0
166 157 0
166 166 1070
166 169 0
166 171 0
166 185 0
167 1 0
167 22 0
167 43 0
167 49 0
167 65 0
167 66 0
167 71 0
167 93 0
167 109 0
167 141 0
167 162 0
167 167 719
167 179 0
168 2 0
168 24 0
168 43 0
168 64 0
168 97 0
168 168 1054
168 192 0
169 8 0
169 12 0
169 62 0
169 103 0
169 166 0
169 169 1553
169 178 0
169 179 0
169 188 0
169 192 0
170 27 0
170 51 0
170 70 0
170 88 0
170 94 0
170 98 0
170 170 938
170 196 0
171 7 0
171 12 0
171 21 0
171 32 0
171 39 0
171 63 0
171 114 0
171 166 0
171 171 1282
171 173 0
171 182 0
171 190 0
172 7 0
172 9 0
172 55 0
172 95 0
172 126 0
172 148 0
172 156 0
172 165 0
172 172 612
172 178 0
172 186 0
173 14 0
173 30 0
173 107 0
173 134 0
173 142 0
173 171 0
173 173 713
173 184 0
174 4 0
174 20 0
174 53 0
174 65 0
174 118 0
174 139 0
174 156 0
174 174 764
175 0 0
175 57 0
175 79 0
175 89 0
175 131 0
175 175 1070
175 185 0
176 11 0
176 78 0
176 101 0
176 116 0
176 126 0
176 176 1771
177 5 0
177 39 0
177 43 0
177 51 0
177 55 0
177 64 0
177 66 0
177 76 0
177 88 0
177 147 0
177 177 1932
177 187 0
178 3 0
178 38 0
178 63 0
178 124 0
178 154 0
178 169 0
178 172 0
178 178 1050
179 0 0
179 6 0
179 22 0
179 37 0
179 38 0
179 78 0
179 110 0
179 125 0
179 134 0
179 142 0
179 167 0
179 169 0
179 179 1887
179 183 0
180 35 0
180 46 0
180 83 0
180 140 0
180 154 0
180 161 0
180 180 848
181 4 0
181 13 0
181 35 0
181 46 0
181 54 0
181 108 0
181 121 0
181 124 0
181 125 0
181 147 0
181 149 0
181 181 167
181 196 0
182 11 0
182 113 0
182 130 0
182 171 0
182 182 351
183 67 0
183 85 0
183 150 0
183 151 0
183 179 0
183 183 845
183 188 0
184 4 0
184 19 0
184 21 0
184 23 0
184 50 0
184 94 0
184 101 0
184 120 0
184 122 0
184 128 0
184 138 0
184 144 0
184 146 0
184 173 0
184 184 841
185 17 0
185 94 0
185 128 0
185 154 0
185 166 0
185 175 0
185 185 1326
186 15 0
186 17 0
186 25 0
186 41 0
186 62 0
186 72 0
186 95 0
186 108 0
186 142 0
186 172 0
186 186 183
186 187 0
187 29 0
187 30 0
187 76 0
187 102 0
187 104 0
187 115 0
187 147 0
187 152 0
187 164 0
187 177 0
187 186 0
187 187 835
187 189 0
187 198 0
188 13 0
188 33 0
188 96 0
188 110 0
188 154 0
188 169 0
188 183 0
188 188 1432
188 191 0
189 15 0
189 22 0
189 31 0
189 42 0
189 59 0
189 99 0
189 135 0
189 155 0
189 187 0
189 189 808
189 195 0
190 14 0
190 61 0
190 114 0
190 120 0
190 133 0
190 138 0
190 163 0
190 171 0
190 190 375
191 41 0
191 43 0
191 71 0
191 102 0
191 188 0
191 191 771
191 195 0
192 8 0
192 111 0
192 119 0
192 168 0
192 169 0
192 192 1285
193 44 0
193 70 0
193 82 0
193 109 0
193 193 1566
193 199 0
194 9 0
194 58 0
194 63 0
194 89 0
194 94 0
194 133 0
194 154 0
194 158 0
194 194 498
194 199 0
195 6 0
195 19 0
195 28 0
195 41 0
195 112 0
195 123 0
195 124 0
195 148 0
195 153 0
195 189 0
195 191 0
195 195 554
196 9 0
196 29 0
196 40 0
196 42 0
196 63 0
196 157 0
196 170 0
196 181 0
196 196 1459
197 7 0
197 108 0
197 113 0
197 197 1381
198 23 0
198 32 0
198 41 0
198 65 0
198 73 0
198 113 0
198 115 0
198 130 0
198 131 0
198 149 0
198 187 0
198 198 958
199 69 0
199 98 0
199 100 0
199 122 0
199 193 0
199 194 0
199 199 1191
