200
0 67
0 116
0 121
0 133
0 151
1 54
1 183
2 22
3 13
3 27
3 68
3 102
3 165
4 57
4 115
5 111
5 114
5 133
6 69
6 183
6 192
7 16
8 92
8 153
8 181
9 96
10 43
10 108
10 143
11 22
11 98
11 101
11 122
11 131
12 71
13 3
13 124
14 17
14 175
15 63
15 89
16 7
16 124
17 14
17 27
18 63
18 105
21 94
21 119
21 153
22 2
22 11
22 94
22 141
23 150
24 49
24 110
24 175
25 37
25 59
25 139
25 196
27 3
27 17
27 43
28 187
29 58
29 81
29 163
30 71
31 177
32 41
34 122
34 147
34 156
34 162
35 178
36 79
36 106
37 25
37 40
37 46
37 72
37 93
37 169
37 181
37 194
39 56
40 37
40 152
41 32
41 47
41 157
42 98
42 136
43 10
43 27
43 149
44 62
44 144
44 181
44 183
45 97
46 37
46 185
47 41
47 58
47 73
47 114
47 149
48 59
48 66
48 110
48 127
48 168
49 24
50 157
50 186
51 101
52 115
52 120
53 60
53 79
54 1
54 76
56 39
56 172
56 197
57 4
58 29
58 47
58 61
59 25
59 48
60 53
60 127
61 58
61 110
61 115
61 127
62 44
62 141
63 15
63 18
63 105
64 140
64 177
66 48
66 148
67 0
67 79
68 3
69 6
69 128
70 78
70 164
71 12
71 30
71 174
72 37
72 155
73 47
74 112
74 163
75 160
75 169
76 54
76 81
76 90
76 111
77 114
77 164
77 172
78 70
78 103
78 158
78 160
78 173
79 36
79 53
79 67
79 81
79 101
80 126
81 29
81 76
81 79
81 82
81 114
81 116
81 178
82 81
82 96
82 125
82 196
83 169
84 149
84 198
88 95
88 127
88 174
89 15
90 76
91 153
91 162
91 184
92 8
92 199
93 37
93 104
94 21
94 22
94 144
95 88
95 129
96 9
96 82
96 130
96 139
97 45
98 11
98 42
98 154
99 160
100 159
101 11
101 51
101 79
101 112
101 153
101 185
102 3
102 128
102 135
102 159
103 78
103 128
103 151
103 180
104 93
105 18
105 63
105 129
106 36
106 151
108 10
109 146
110 24
110 48
110 61
110 147
111 5
111 76
112 74
112 101
114 5
114 47
114 77
114 81
115 4
115 52
115 61
115 188
116 0
116 81
116 157
117 139
118 128
118 198
119 21
119 133
120 52
120 129
120 178
121 0
121 134
121 180
122 11
122 34
124 13
124 16
124 149
125 82
125 181
126 80
126 150
127 48
127 60
127 61
127 88
127 131
128 69
128 102
128 103
128 118
129 95
129 105
129 120
129 198
130 96
131 11
131 127
132 135
132 194
133 0
133 5
133 119
134 121
135 102
135 132
136 42
137 138
138 137
138 153
139 25
139 96
139 117
139 180
140 64
141 22
141 62
143 10
143 157
144 44
144 94
144 191
146 109
146 158
146 198
147 34
147 110
148 66
148 173
148 180
149 43
149 47
149 84
149 124
149 152
149 171
149 197
150 23
150 126
151 0
151 103
151 106
152 40
152 149
152 185
153 8
153 21
153 91
153 101
153 138
153 162
154 98
155 72
156 34
157 41
157 50
157 116
157 143
157 194
158 78
158 146
159 100
159 102
160 75
160 78
160 99
161 173
162 34
162 91
162 153
162 197
163 29
163 74
163 174
164 70
164 77
165 3
165 187
166 169
167 187
167 195
168 48
169 37
169 75
169 83
169 166
171 149
171 175
172 56
172 77
173 78
173 148
173 161
174 71
174 88
174 163
175 14
175 24
175 171
177 31
177 64
178 35
178 81
178 120
180 103
180 121
180 139
180 148
180 185
181 8
181 37
181 44
181 125
183 1
183 6
183 44
184 91
184 185
185 46
185 101
185 152
185 180
185 184
185 186
186 50
186 185
187 28
187 165
187 167
188 115
191 144
192 6
193 197
194 37
194 132
194 157
195 167
196 25
196 82
197 56
197 149
197 162
197 193
198 84
198 118
198 129
198 146
199 92
