200
0 15
0 17
0 29
0 40
0 53
0 87
0 111
0 116
0 117
0 146
0 194
1 91
1 141
1 198
2 10
2 33
2 36
2 82
2 93
2 130
2 168
2 179
2 180
3 51
3 70
3 81
3 98
3 99
3 131
3 141
3 179
4 25
4 26
4 29
4 38
4 51
4 74
4 87
4 88
4 89
4 97
4 105
4 110
4 118
4 133
4 134
4 154
4 170
5 44
5 61
5 152
5 188
5 199
6 84
6 89
6 97
6 101
6 115
6 116
6 129
6 183
6 191
7 18
7 23
7 47
7 53
7 54
7 142
7 152
7 161
7 167
7 173
7 184
8 14
8 34
8 76
8 107
8 114
8 126
8 134
8 138
8 140
8 146
8 184
8 196
9 11
9 112
9 132
9 151
9 170
9 180
10 2
10 49
10 59
10 123
10 148
11 9
11 21
11 35
11 48
11 99
11 118
11 121
11 131
11 169
12 43
12 100
12 109
12 110
12 149
13 44
13 70
13 134
13 179
13 189
14 8
14 25
14 28
14 29
14 39
14 66
14 89
14 178
15 0
15 32
15 45
15 51
15 58
15 91
15 99
15 115
15 125
15 147
15 154
15 165
15 197
16 22
16 29
16 60
16 61
16 70
16 103
16 104
16 127
16 146
17 0
17 36
17 83
17 94
17 119
17 126
17 135
17 137
17 155
17 163
17 165
17 172
17 176
17 196
18 7
18 42
18 47
18 73
18 74
18 115
18 116
18 129
18 175
18 181
18 183
19 75
19 97
19 144
19 180
19 196
20 28
20 61
20 116
20 126
20 160
20 166
20 172
20 181
21 11
21 38
21 72
21 96
21 162
21 185
22 16
22 94
22 107
22 140
22 184
23 7
23 30
23 31
23 48
23 80
23 84
23 89
23 90
23 148
23 161
24 26
24 40
24 67
24 79
24 106
24 143
24 164
24 175
24 181
24 197
25 4
25 14
25 32
25 56
25 69
25 73
25 138
25 139
25 189
26 4
26 24
26 54
26 58
26 63
26 138
26 144
26 150
26 151
26 156
26 190
26 192
27 53
27 101
27 114
27 136
27 170
28 14
28 20
28 40
28 64
28 100
28 119
28 121
28 124
28 173
29 0
29 4
29 14
29 16
29 36
29 69
30 23
30 37
30 46
30 59
30 79
30 87
30 117
30 168
30 186
30 188
30 189
31 23
31 76
31 83
31 94
31 125
31 150
32 15
32 25
32 51
32 61
32 66
32 81
32 145
33 2
33 39
33 44
33 64
33 77
33 131
33 183
33 184
34 8
34 39
34 45
34 170
34 171
35 11
35 58
35 77
35 90
35 110
35 149
35 152
35 158
35 193
36 2
36 17
36 29
36 65
36 107
36 121
36 165
37 30
37 62
37 67
37 122
37 138
37 164
37 166
37 196
38 4
38 21
38 42
38 57
38 69
38 88
38 96
38 97
38 138
38 150
38 176
38 191
39 14
39 33
39 34
39 144
39 159
40 0
40 24
40 28
40 49
40 70
40 102
40 148
40 156
41 107
41 151
41 166
41 195
42 18
42 38
42 46
42 57
42 82
42 87
42 113
42 114
42 118
42 172
42 189
42 198
43 12
43 65
43 81
43 111
43 123
43 131
43 138
43 171
43 186
43 197
44 5
44 13
44 33
44 46
44 83
44 192
45 15
45 34
45 105
45 154
45 155
45 166
45 187
45 190
46 30
46 42
46 44
46 65
46 71
46 150
46 178
46 185
46 193
47 7
47 18
47 103
47 138
47 154
48 11
48 23
48 123
48 131
48 185
49 10
49 40
49 57
49 75
49 84
49 186
50 52
50 80
50 92
50 108
51 3
51 4
51 15
51 32
51 92
51 111
51 120
52 50
52 86
52 124
52 153
52 174
52 180
53 0
53 7
53 27
53 86
53 87
53 135
53 154
54 7
54 26
54 101
55 76
55 79
55 101
55 107
55 111
55 118
55 123
55 172
55 175
55 185
55 186
56 25
56 61
56 88
56 94
56 144
56 148
56 160
56 193
57 38
57 42
57 49
57 72
57 84
57 167
58 15
58 26
58 35
58 70
58 104
58 116
58 141
58 160
58 167
59 10
59 30
59 82
59 107
59 174
59 182
60 16
60 113
60 122
60 163
60 167
60 178
60 198
61 5
61 16
61 20
61 32
61 56
61 105
61 165
61 189
61 190
62 37
62 86
62 88
62 99
62 103
62 107
62 124
62 128
62 140
63 26
63 69
63 162
64 28
64 33
64 85
64 123
64 138
64 147
64 192
65 36
65 43
65 46
65 105
65 133
65 151
66 14
66 32
66 71
66 105
66 106
66 113
67 24
67 37
67 104
67 127
67 166
67 181
68 79
68 103
68 136
68 162
68 171
68 173
69 25
69 29
69 38
69 63
69 115
69 121
69 140
69 156
69 162
69 170
69 173
70 3
70 13
70 16
70 40
70 58
70 99
70 106
70 127
70 134
70 165
70 178
70 193
70 196
71 46
71 66
71 104
71 133
71 144
71 149
71 154
71 173
71 181
71 196
72 21
72 57
72 102
72 111
72 116
72 125
72 132
72 135
72 140
72 164
72 189
72 197
73 18
73 25
73 75
73 105
73 114
73 124
73 137
73 166
74 4
74 18
74 103
74 107
74 125
74 153
75 19
75 49
75 73
75 105
75 125
75 158
75 172
75 184
75 190
76 8
76 31
76 55
76 102
76 106
76 119
76 156
77 33
77 35
77 80
77 173
78 118
78 193
78 195
79 24
79 30
79 55
79 68
79 98
79 115
79 149
79 155
79 164
80 23
80 50
80 77
80 96
80 114
80 143
81 3
81 32
81 43
81 103
81 114
81 127
81 128
81 143
81 161
81 196
82 2
82 42
82 59
82 100
82 119
82 194
82 199
83 17
83 31
83 44
83 150
83 167
83 171
83 185
83 197
84 6
84 23
84 49
84 57
84 108
84 122
84 123
84 137
85 64
85 127
85 156
85 164
85 191
86 52
86 53
86 62
86 91
86 119
86 128
86 131
86 138
86 155
86 189
87 0
87 4
87 30
87 42
87 53
87 117
87 137
87 151
87 164
87 197
88 4
88 38
88 56
88 62
88 101
88 146
88 169
88 197
89 4
89 6
89 14
89 23
89 136
89 143
89 164
89 175
89 186
90 23
90 35
90 128
90 148
90 157
90 164
90 182
90 187
90 198
91 1
91 15
91 86
91 126
91 127
91 157
91 160
91 189
92 50
92 51
92 101
92 109
92 135
92 143
92 149
92 153
92 195
93 2
93 94
93 124
93 167
93 173
94 17
94 22
94 31
94 56
94 93
94 104
94 117
94 124
94 148
94 175
95 155
95 188
95 189
96 21
96 38
96 80
96 109
97 4
97 6
97 19
97 38
97 107
97 120
97 135
97 139
97 143
97 154
97 174
97 176
98 3
98 79
98 99
98 104
98 155
98 167
99 3
99 11
99 15
99 62
99 70
99 98
99 109
99 127
99 148
99 158
99 190
100 12
100 28
100 82
100 106
100 116
100 139
100 159
100 180
100 194
101 6
101 27
101 54
101 55
101 88
101 92
101 110
101 160
101 175
102 40
102 72
102 76
102 113
102 120
102 152
102 192
103 16
103 47
103 62
103 68
103 74
103 81
103 140
103 147
103 192
103 197
104 16
104 58
104 67
104 71
104 94
104 98
104 191
105 4
105 45
105 61
105 65
105 66
105 73
105 75
105 120
105 123
105 130
105 160
106 24
106 66
106 70
106 76
106 100
106 116
106 129
106 166
106 177
107 8
107 22
107 36
107 41
107 55
107 59
107 62
107 74
107 97
107 132
107 147
107 177
107 181
108 50
108 84
109 12
109 92
109 96
109 99
109 131
109 145
109 151
109 183
109 197
110 4
110 12
110 35
110 101
110 167
110 168
111 0
111 43
111 51
111 55
111 72
111 112
111 152
111 157
111 195
112 9
112 111
112 122
112 148
112 160
112 194
113 42
113 60
113 66
113 102
113 124
113 145
113 150
113 191
114 8
114 27
114 42
114 73
114 80
114 81
114 149
114 155
114 169
114 186
115 6
115 15
115 18
115 69
115 79
115 177
116 0
116 6
116 18
116 20
116 58
116 72
116 100
116 106
116 120
116 143
116 157
116 158
116 173
116 189
116 191
116 192
117 0
117 30
117 87
117 94
117 126
117 134
117 135
117 180
117 188
117 196
118 4
118 11
118 42
118 55
118 78
118 139
118 188
119 17
119 28
119 76
119 82
119 86
119 126
120 51
120 97
120 102
120 105
120 116
120 127
120 175
120 189
121 11
121 28
121 36
121 69
121 162
121 174
122 37
122 60
122 84
122 112
122 136
122 184
122 185
123 10
123 43
123 48
123 55
123 64
123 84
123 105
123 131
123 139
123 148
124 28
124 52
124 62
124 73
124 93
124 94
124 113
124 137
124 149
124 157
124 185
124 192
124 195
125 15
125 31
125 72
125 74
125 75
125 129
125 152
125 173
125 176
126 8
126 17
126 20
126 91
126 117
126 119
126 141
126 162
126 174
126 175
126 178
126 192
126 195
127 16
127 67
127 70
127 81
127 85
127 91
127 99
127 120
127 130
127 154
127 160
127 165
127 169
127 199
128 62
128 81
128 86
128 90
128 134
128 155
128 169
128 173
128 180
129 6
129 18
129 106
129 125
129 130
129 159
129 179
130 2
130 105
130 127
130 129
130 144
130 150
130 195
131 3
131 11
131 33
131 43
131 48
131 86
131 109
131 123
131 182
131 186
131 199
132 9
132 72
132 107
133 4
133 65
133 71
133 157
133 187
134 4
134 8
134 13
134 70
134 117
134 128
134 162
135 17
135 53
135 72
135 92
135 97
135 117
135 143
135 155
135 165
136 27
136 68
136 89
136 122
136 144
136 145
136 159
137 17
137 73
137 84
137 87
137 124
137 173
137 174
138 8
138 25
138 26
138 37
138 38
138 43
138 47
138 64
138 86
138 147
138 158
138 197
139 25
139 97
139 100
139 118
139 123
139 147
139 193
139 197
140 8
140 22
140 62
140 69
140 72
140 103
140 146
140 179
141 1
141 3
141 58
141 126
141 183
141 185
142 7
142 177
143 24
143 80
143 81
143 89
143 92
143 97
143 116
143 135
143 168
143 169
143 190
144 19
144 26
144 39
144 56
144 71
144 130
144 136
144 178
144 183
145 32
145 109
145 113
145 136
145 163
145 185
146 0
146 8
146 16
146 88
146 140
146 162
147 15
147 64
147 103
147 107
147 138
147 139
147 178
147 183
147 195
148 10
148 23
148 40
148 56
148 90
148 94
148 99
148 112
148 123
148 153
149 12
149 35
149 71
149 79
149 92
149 114
149 124
150 26
150 31
150 38
150 46
150 83
150 113
150 130
150 182
150 185
150 194
151 9
151 26
151 41
151 65
151 87
151 109
151 154
151 155
152 5
152 7
152 35
152 102
152 111
152 125
152 162
152 169
153 52
153 74
153 92
153 148
153 166
153 185
153 186
153 199
154 4
154 15
154 45
154 47
154 53
154 71
154 97
154 127
154 151
154 183
154 196
155 17
155 45
155 79
155 86
155 95
155 98
155 114
155 128
155 135
155 151
156 26
156 40
156 69
156 76
156 85
156 192
157 90
157 91
157 111
157 116
157 124
157 133
158 35
158 75
158 99
158 116
158 138
158 170
158 199
159 39
159 100
159 129
159 136
159 163
160 20
160 56
160 58
160 91
160 101
160 105
160 112
160 127
160 170
160 175
160 182
161 7
161 23
161 81
161 187
162 21
162 63
162 68
162 69
162 121
162 126
162 134
162 146
162 152
162 163
163 17
163 60
163 145
163 159
163 162
163 194
164 24
164 37
164 72
164 79
164 85
164 87
164 89
164 90
164 192
165 15
165 17
165 36
165 61
165 70
165 127
165 135
165 194
165 195
166 20
166 37
166 41
166 45
166 67
166 73
166 106
166 153
167 7
167 57
167 58
167 60
167 83
167 93
167 98
167 110
167 198
168 2
168 30
168 110
168 143
169 11
169 88
169 114
169 127
169 128
169 143
169 152
169 170
169 177
170 4
170 9
170 27
170 34
170 69
170 158
170 160
170 169
171 34
171 43
171 68
171 83
171 190
172 17
172 20
172 42
172 55
172 75
172 173
172 176
172 197
173 7
173 28
173 68
173 69
173 71
173 77
173 93
173 116
173 125
173 128
173 137
173 172
173 184
173 194
174 52
174 59
174 97
174 121
174 126
174 137
174 179
175 18
175 24
175 55
175 89
175 94
175 101
175 120
175 126
175 160
176 17
176 38
176 97
176 125
176 172
176 187
176 197
177 106
177 107
177 115
177 142
177 169
178 14
178 46
178 60
178 70
178 126
178 144
178 147
179 2
179 3
179 13
179 129
179 140
179 174
179 188
180 2
180 9
180 19
180 52
180 100
180 117
180 128
181 18
181 20
181 24
181 67
181 71
181 107
182 59
182 90
182 131
182 150
182 160
182 196
183 6
183 18
183 33
183 109
183 141
183 144
183 147
183 154
183 184
183 191
183 195
184 7
184 8
184 22
184 33
184 75
184 122
184 173
184 183
185 21
185 46
185 48
185 55
185 83
185 122
185 124
185 141
185 145
185 150
185 153
185 187
185 198
186 30
186 43
186 49
186 55
186 89
186 114
186 131
186 153
186 189
187 45
187 90
187 133
187 161
187 176
187 185
188 5
188 30
188 95
188 117
188 118
188 179
188 196
189 13
189 25
189 30
189 42
189 61
189 72
189 86
189 91
189 95
189 116
189 120
189 186
189 193
189 198
190 26
190 45
190 61
190 75
190 99
190 143
190 171
191 6
191 38
191 85
191 104
191 113
191 116
191 183
192 26
192 44
192 64
192 102
192 103
192 116
192 124
192 126
192 156
192 164
193 35
193 46
193 56
193 70
193 78
193 139
193 189
194 0
194 82
194 100
194 112
194 150
194 163
194 165
194 173
195 41
195 78
195 92
195 111
195 124
195 126
195 130
195 147
195 165
195 183
196 8
196 17
196 19
196 37
196 70
196 71
196 81
196 117
196 154
196 182
196 188
197 15
197 24
197 43
197 72
197 83
197 87
197 88
197 103
197 109
197 138
197 139
197 172
197 176
198 1
198 42
198 60
198 90
198 167
198 185
198 189
199 5
199 82
199 127
199 131
199 153
199 158
