200
0 41
0 54
0 146
0 162
1 97
1 106
2 54
2 83
2 138
2 145
3 40
3 175
4 19
4 31
4 71
4 162
4 199
5 74
5 153
6 18
6 38
6 69
6 168
7 72
7 119
7 132
7 145
7 165
8 54
8 72
8 149
8 157
8 173
8 177
9 62
9 90
9 129
9 191
10 122
11 50
11 144
12 54
12 142
13 92
13 196
14 22
14 134
14 159
16 23
16 160
16 195
17 85
17 153
17 162
17 191
18 6
18 45
18 50
18 102
18 129
19 4
19 63
19 73
19 169
20 41
20 56
20 86
20 146
20 159
20 186
21 100
22 14
22 23
22 31
22 83
22 110
22 114
22 122
22 136
22 158
22 173
23 16
23 22
23 63
23 88
23 90
24 94
24 144
24 154
24 166
25 109
25 114
25 188
25 193
26 120
27 54
27 65
27 75
27 82
27 97
27 109
27 116
28 65
28 82
28 179
28 187
29 104
30 53
30 88
30 148
31 4
31 22
31 40
31 85
31 88
31 118
31 150
32 44
32 123
32 174
33 153
33 154
33 159
34 38
35 63
35 114
35 189
36 120
37 83
37 93
37 133
37 135
37 162
38 6
38 34
38 90
38 173
39 128
40 3
40 31
40 115
40 173
41 0
41 20
41 55
41 61
43 145
43 165
44 32
44 62
44 158
44 172
44 173
45 18
45 122
45 136
46 94
46 95
46 98
47 149
47 175
48 120
48 144
48 194
49 114
50 11
50 18
50 56
50 83
50 126
50 145
50 189
51 134
51 158
51 162
52 73
52 119
52 127
53 30
53 185
54 0
54 2
54 8
54 12
54 27
54 129
54 142
54 144
54 147
54 187
55 41
55 195
56 20
56 50
56 61
56 75
56 153
57 84
57 85
57 92
57 96
57 118
57 137
57 147
57 171
58 85
58 136
59 74
59 84
59 136
59 148
60 97
60 100
61 41
61 56
61 105
61 106
61 160
61 166
62 9
62 44
62 110
62 114
62 150
62 173
63 19
63 23
63 35
63 66
63 78
63 150
63 152
63 156
64 94
64 180
64 187
65 27
65 28
65 91
65 150
66 63
66 126
67 73
67 95
67 147
68 73
68 143
68 197
69 6
69 78
69 94
69 95
69 106
69 111
69 132
69 144
69 175
69 189
70 107
70 119
71 4
71 84
71 138
71 197
72 7
72 8
72 109
72 134
72 141
73 19
73 52
73 67
73 68
73 82
74 5
74 59
74 106
74 183
74 188
75 27
75 56
75 99
76 132
76 172
76 184
77 155
78 63
78 69
78 95
78 109
78 146
78 190
78 196
79 180
80 107
80 184
81 128
81 162
82 27
82 28
82 73
82 106
82 137
82 193
82 197
82 198
83 2
83 22
83 37
83 50
83 181
83 194
84 57
84 59
84 71
84 94
85 17
85 31
85 57
85 58
85 123
85 140
85 168
86 20
86 141
86 149
87 91
87 144
87 167
88 23
88 30
88 31
88 147
88 174
89 103
90 9
90 23
90 38
90 123
90 197
91 65
91 87
91 172
91 191
91 198
92 13
92 57
92 127
93 37
93 127
94 24
94 46
94 64
94 69
94 84
94 182
95 46
95 67
95 69
95 78
95 110
95 174
96 57
96 152
97 1
97 27
97 60
97 122
97 157
97 198
98 46
98 196
98 198
99 75
99 109
99 170
99 183
99 191
100 21
100 60
100 103
101 107
101 119
102 18
102 139
102 152
102 191
103 89
103 100
103 180
104 29
104 140
104 170
104 190
105 61
105 181
105 194
106 1
106 61
106 69
106 74
106 82
106 157
106 177
107 70
107 80
107 101
107 157
107 176
109 25
109 27
109 72
109 78
109 99
109 130
110 22
110 62
110 95
111 69
112 128
113 175
113 199
114 22
114 25
114 35
114 49
114 62
115 40
115 165
116 27
116 132
116 170
117 124
117 162
117 163
118 31
118 57
118 154
118 162
118 164
118 187
119 7
119 52
119 70
119 101
119 138
120 26
120 36
120 48
120 125
120 135
121 189
121 198
122 10
122 22
122 45
122 97
122 153
123 32
123 85
123 90
123 136
123 139
124 117
124 133
124 172
124 182
125 120
125 163
126 50
126 66
126 156
127 52
127 92
127 93
127 171
128 39
128 81
128 112
128 153
129 9
129 18
129 54
130 109
130 188
131 154
131 158
132 7
132 69
132 76
132 116
132 147
132 157
132 160
132 188
133 37
133 124
133 154
133 195
134 14
134 51
134 72
134 164
135 37
135 120
136 22
136 45
136 58
136 59
136 123
136 168
136 182
137 57
137 82
137 148
137 158
138 2
138 71
138 119
139 102
139 123
139 148
139 176
140 85
140 104
140 164
140 166
141 72
141 86
141 145
141 156
141 199
142 12
142 54
142 165
143 68
143 169
144 11
144 24
144 48
144 54
144 69
144 87
145 2
145 7
145 43
145 50
145 141
146 0
146 20
146 78
147 54
147 57
147 67
147 88
147 132
147 189
148 30
148 59
148 137
148 139
148 180
149 8
149 47
149 86
149 169
149 178
150 31
150 62
150 63
150 65
150 173
150 191
152 63
152 96
152 102
152 154
153 5
153 17
153 33
153 56
153 122
153 128
153 192
153 198
154 24
154 33
154 118
154 131
154 133
154 152
155 77
155 161
155 168
155 175
156 63
156 126
156 141
156 161
157 8
157 97
157 106
157 107
157 132
157 191
158 22
158 44
158 51
158 131
158 137
159 14
159 20
159 33
160 16
160 61
160 132
160 199
161 155
161 156
161 163
162 0
162 4
162 17
162 37
162 51
162 81
162 117
162 118
163 117
163 125
163 161
164 118
164 134
164 140
164 175
164 198
165 7
165 43
165 115
165 142
165 169
166 24
166 61
166 140
166 182
166 196
167 87
168 6
168 85
168 136
168 155
169 19
169 143
169 149
169 165
169 183
170 99
170 104
170 116
170 194
171 57
171 127
172 44
172 76
172 91
172 124
172 174
173 8
173 22
173 38
173 40
173 44
173 62
173 150
173 174
174 32
174 88
174 95
174 172
174 173
174 186
175 3
175 47
175 69
175 113
175 155
175 164
176 107
176 139
176 192
177 8
177 106
178 149
179 28
180 64
180 79
180 103
180 148
180 185
181 83
181 105
182 94
182 124
182 136
182 166
183 74
183 99
183 169
184 76
184 80
185 53
185 180
186 20
186 174
186 187
187 28
187 54
187 64
187 118
187 186
188 25
188 74
188 130
188 132
189 35
189 50
189 69
189 121
189 147
190 78
190 104
191 9
191 17
191 91
191 99
191 102
191 150
191 157
192 153
192 176
193 25
193 82
194 48
194 83
194 105
194 170
195 16
195 55
195 133
196 13
196 78
196 98
196 166
197 68
197 71
197 82
197 90
198 82
198 91
198 97
198 98
198 121
198 153
198 164
199 4
199 113
199 141
199 160
