200
0 0 937
0 7 0
0 80 0
0 143 0
1 1 1524
1 50 0
1 90 0
1 150 0
1 152 0
2 2 544
2 97 0
2 129 0
3 3 747
3 44 0
4 4 694
4 18 0
4 20 0
4 80 0
4 93 0
4 97 0
4 99 0
4 133 0
4 160 0
4 184 0
5 5 1380
5 14 0
5 33 0
5 84 0
5 88 0
5 129 0
5 162 0
5 182 0
6 6 1827
6 19 0
6 85 0
6 112 0
6 152 0
7 0 0
7 7 1627
7 70 0
7 101 0
7 106 0
7 111 0
7 115 0
8 8 1650
8 30 0
8 38 0
8 123 0
8 138 0
8 185 0
9 9 1219
9 35 0
9 158 0
9 193 0
10 10 1790
10 56 0
10 147 0
10 187 0
11 11 1157
11 18 0
11 39 0
11 56 0
11 137 0
12 12 615
12 38 0
12 159 0
12 176 0
12 180 0
13 13 1965
13 18 0
13 37 0
13 111 0
13 178 0
14 5 0
14 14 533
14 107 0
14 122 0
14 134 0
14 161 0
14 170 0
14 179 0
15 15 1186
15 21 0
15 37 0
15 69 0
15 148 0
15 188 0
16 16 1531
16 124 0
17 17 1911
17 21 0
17 64 0
17 69 0
17 81 0
17 88 0
17 95 0
17 100 0
17 118 0
17 184 0
18 4 0
18 11 0
18 13 0
18 18 380
18 36 0
18 63 0
18 73 0
18 167 0
19 6 0
19 19 1741
20 4 0
20 20 104
20 77 0
21 15 0
21 17 0
21 21 1407
21 47 0
21 73 0
21 111 0
21 173 0
21 183 0
22 22 264
22 30 0
22 55 0
22 85 0
22 132 0
23 23 1758
23 39 0
23 72 0
23 97 0
23 122 0
23 136 0
23 161 0
24 24 847
24 36 0
24 67 0
24 142 0
24 166 0
25 25 1261
25 37 0
25 60 0
25 75 0
25 100 0
25 184 0
25 198 0
26 26 653
26 39 0
26 126 0
26 133 0
26 176 0
26 186 0
27 27 234
27 63 0
27 118 0
27 128 0
28 28 357
28 35 0
28 62 0
29 29 790
29 44 0
29 127 0
29 151 0
30 8 0
30 22 0
30 30 1299
30 72 0
30 75 0
30 113 0
30 140 0
30 170 0
31 31 107
31 32 0
31 109 0
31 118 0
31 193 0
32 31 0
32 32 351
32 36 0
32 40 0
32 89 0
32 93 0
32 123 0
32 131 0
33 5 0
33 33 1319
33 144 0
33 187 0
33 197 0
34 34 189
34 79 0
34 82 0
34 162 0
34 174 0
34 188 0
35 9 0
35 28 0
35 35 1205
35 50 0
35 147 0
35 194 0
36 18 0
36 24 0
36 32 0
36 36 1699
36 79 0
36 162 0
36 195 0
37 13 0
37 15 0
37 25 0
37 37 61
37 143 0
37 185 0
38 8 0
38 12 0
38 38 1758
38 129 0
38 180 0
39 11 0
39 23 0
39 26 0
39 39 451
39 66 0
39 115 0
39 181 0
39 194 0
40 32 0
40 40 802
40 69 0
40 72 0
40 147 0
41 41 1026
41 76 0
42 42 266
42 126 0
42 136 0
43 43 612
43 53 0
43 83 0
43 115 0
44 3 0
44 29 0
44 44 1845
44 56 0
44 78 0
44 155 0
45 45 463
45 64 0
46 46 1624
46 109 0
46 148 0
47 21 0
47 47 558
47 59 0
47 102 0
47 147 0
48 48 865
48 99 0
48 196 0
48 198 0
49 49 1762
49 123 0
49 182 0
49 187 0
49 194 0
50 1 0
50 35 0
50 50 808
50 85 0
51 51 1231
51 61 0
51 69 0
51 81 0
51 136 0
52 52 1563
52 55 0
52 92 0
52 124 0
52 196 0
53 43 0
53 53 824
53 95 0
53 96 0
53 170 0
54 54 924
54 64 0
54 119 0
54 191 0
55 22 0
55 52 0
55 55 731
55 58 0
55 90 0
55 121 0
55 144 0
55 155 0
55 193 0
56 10 0
56 11 0
56 44 0
56 56 889
56 76 0
56 94 0
56 103 0
57 57 549
57 59 0
58 55 0
58 58 1369
58 61 0
58 128 0
59 47 0
59 57 0
59 59 714
59 125 0
60 25 0
60 60 1745
60 72 0
60 99 0
60 112 0
60 165 0
61 51 0
61 58 0
61 61 805
61 118 0
61 131 0
61 142 0
61 154 0
62 28 0
62 62 1256
62 81 0
62 95 0
63 18 0
63 27 0
63 63 498
63 128 0
64 17 0
64 45 0
64 54 0
64 64 1370
64 81 0
64 128 0
64 155 0
64 180 0
65 65 1757
65 154 0
65 158 0
66 39 0
66 66 1022
66 89 0
67 24 0
67 67 24
67 110 0
67 187 0
68 68 1373
68 128 0
68 156 0
68 166 0
69 15 0
69 17 0
69 40 0
69 51 0
69 69 1883
69 82 0
69 101 0
70 7 0
70 70 1175
70 91 0
70 150 0
70 159 0
70 165 0
70 170 0
70 172 0
71 71 1510
71 88 0
72 23 0
72 30 0
72 40 0
72 60 0
72 72 1288
72 111 0
72 116 0
72 121 0
72 127 0
72 142 0
73 18 0
73 21 0
73 73 1716
73 91 0
73 110 0
73 126 0
73 150 0
73 177 0
74 74 1735
74 178 0
75 25 0
75 30 0
75 75 133
75 99 0
75 189 0
76 41 0
76 56 0
76 76 1746
76 178 0
77 20 0
77 77 431
77 124 0
77 146 0
77 177 0
78 44 0
78 78 290
78 107 0
78 120 0
79 34 0
79 36 0
79 79 19
79 110 0
79 145 0
79 166 0
80 0 0
80 4 0
80 80 1842
80 82 0
80 91 0
80 124 0
80 147 0
80 177 0
81 17 0
81 51 0
81 62 0
81 64 0
81 81 299
81 163 0
82 34 0
82 69 0
82 80 0
82 82 1290
82 108 0
82 174 0
83 43 0
83 83 1373
83 115 0
84 5 0
84 84 1566
84 88 0
84 104 0
84 153 0
85 6 0
85 22 0
85 50 0
85 85 910
85 96 0
86 86 1843
86 124 0
86 140 0
86 153 0
86 155 0
87 87 923
87 125 0
87 147 0
87 152 0
87 177 0
88 5 0
88 17 0
88 71 0
88 84 0
88 88 1099
88 97 0
88 159 0
89 32 0
89 66 0
89 89 1785
89 101 0
89 106 0
89 150 0
89 176 0
90 1 0
90 55 0
90 90 130
90 157 0
91 70 0
91 73 0
91 80 0
91 91 946
91 108 0
91 110 0
91 190 0
92 52 0
92 92 494
92 93 0
92 152 0
92 154 0
93 4 0
93 32 0
93 92 0
93 93 1890
94 56 0
94 94 865
94 136 0
95 17 0
95 53 0
95 62 0
95 95 408
95 106 0
95 131 0
96 53 0
96 85 0
96 96 1357
96 128 0
96 162 0
97 2 0
97 4 0
97 23 0
97 88 0
97 97 254
97 107 0
97 124 0
97 157 0
98 98 258
98 144 0
99 4 0
99 48 0
99 60 0
99 75 0
99 99 252
99 152 0
99 164 0
99 167 0
99 178 0
100 17 0
100 25 0
100 100 1261
100 110 0
100 149 0
100 196 0
101 7 0
101 69 0
101 89 0
101 101 836
102 47 0
102 102 1717
103 56 0
103 103 1275
103 131 0
104 84 0
104 104 1762
105 105 1291
105 114 0
105 155 0
105 172 0
105 175 0
106 7 0
106 89 0
106 95 0
106 106 829
106 175 0
106 196 0
107 14 0
107 78 0
107 97 0
107 107 755
107 187 0
108 82 0
108 91 0
108 108 1345
108 145 0
109 31 0
109 46 0
109 109 1673
109 122 0
110 67 0
110 73 0
110 79 0
110 91 0
110 100 0
110 110 475
110 133 0
110 134 0
110 162 0
111 7 0
111 13 0
111 21 0
111 72 0
111 111 1634
111 123 0
111 145 0
111 161 0
112 6 0
112 60 0
112 112 1885
112 134 0
113 30 0
113 113 701
113 179 0
114 105 0
114 114 1836
114 153 0
114 189 0
115 7 0
115 39 0
115 43 0
115 83 0
115 115 1254
115 128 0
116 72 0
116 116 861
116 119 0
116 160 0
116 163 0
117 117 431
117 155 0
117 161 0
117 181 0
118 17 0
118 27 0
118 31 0
118 61 0
118 118 1200
119 54 0
119 116 0
119 119 189
119 160 0
120 78 0
120 120 1274
120 156 0
121 55 0
121 72 0
121 121 968
121 124 0
121 130 0
121 133 0
121 135 0
122 14 0
122 23 0
122 109 0
122 122 408
122 189 0
123 8 0
123 32 0
123 49 0
123 111 0
123 123 1625
124 16 0
124 52 0
124 77 0
124 80 0
124 86 0
124 97 0
124 121 0
124 124 271
124 188 0
125 59 0
125 87 0
125 125 529
125 166 0
125 188 0
126 26 0
126 42 0
126 73 0
126 126 707
126 172 0
126 180 0
126 185 0
127 29 0
127 72 0
127 127 1297
127 174 0
128 27 0
128 58 0
128 63 0
128 64 0
128 68 0
128 96 0
128 115 0
128 128 1061
129 2 0
129 5 0
129 38 0
129 129 1411
130 121 0
130 130 1030
131 32 0
131 61 0
131 95 0
131 103 0
131 131 959
131 183 0
132 22 0
132 132 368
132 172 0
133 4 0
133 26 0
133 110 0
133 121 0
133 133 224
133 147 0
133 159 0
134 14 0
134 110 0
134 112 0
134 134 851
135 121 0
135 135 1859
136 23 0
136 42 0
136 51 0
136 94 0
136 136 1120
136 180 0
137 11 0
137 137 1930
137 147 0
138 8 0
138 138 958
138 176 0
139 139 1119
139 142 0
140 30 0
140 86 0
140 140 1644
140 198 0
141 141 237
141 157 0
142 24 0
142 61 0
142 72 0
142 139 0
142 142 1460
142 153 0
142 174 0
143 0 0
143 37 0
143 143 143
143 192 0
143 194 0
144 33 0
144 55 0
144 98 0
144 144 645
144 178 0
145 79 0
145 108 0
145 111 0
145 145 745
146 77 0
146 146 1664
147 10 0
147 35 0
147 40 0
147 47 0
147 80 0
147 87 0
147 133 0
147 137 0
147 147 1832
147 150 0
147 197 0
148 15 0
148 46 0
148 148 326
149 100 0
149 149 1702
149 162 0
149 169 0
149 183 0
149 190 0
150 1 0
150 70 0
150 73 0
150 89 0
150 147 0
150 150 1364
151 29 0
151 151 1717
151 191 0
152 1 0
152 6 0
152 87 0
152 92 0
152 99 0
152 152 1104
152 155 0
152 193 0
153 84 0
153 86 0
153 114 0
153 142 0
153 153 709
153 154 0
153 194 0
154 61 0
154 65 0
154 92 0
154 153 0
154 154 1103
154 197 0
155 44 0
155 55 0
155 64 0
155 86 0
155 105 0
155 117 0
155 152 0
155 155 735
156 68 0
156 120 0
156 156 1675
156 180 0
157 90 0
157 97 0
157 141 0
157 157 1350
157 171 0
158 9 0
158 65 0
158 158 350
159 12 0
159 70 0
159 88 0
159 133 0
159 159 1566
159 172 0
160 4 0
160 116 0
160 119 0
160 160 1136
160 185 0
161 14 0
161 23 0
161 111 0
161 117 0
161 161 1640
162 5 0
162 34 0
162 36 0
162 96 0
162 110 0
162 149 0
162 162 827
163 81 0
163 116 0
163 163 1604
164 99 0
164 164 1229
165 60 0
165 70 0
165 165 58
166 24 0
166 68 0
166 79 0
166 125 0
166 166 454
166 177 0
166 189 0
167 18 0
167 99 0
167 167 1881
167 177 0
167 182 0
167 197 0
168 168 1389
168 187 0
169 149 0
169 169 1311
170 14 0
170 30 0
170 53 0
170 70 0
170 170 1065
171 157 0
171 171 98
172 70 0
172 105 0
172 126 0
172 132 0
172 159 0
172 172 913
173 21 0
173 173 903
173 182 0
174 34 0
174 82 0
174 127 0
174 142 0
174 174 716
174 190 0
175 105 0
175 106 0
175 175 1407
176 12 0
176 26 0
176 89 0
176 138 0
176 176 1271
176 186 0
177 73 0
177 77 0
177 80 0
177 87 0
177 166 0
177 167 0
177 177 1732
178 13 0
178 74 0
178 76 0
178 99 0
178 144 0
178 178 211
179 14 0
179 113 0
179 179 695
180 12 0
180 38 0
180 64 0
180 126 0
180 136 0
180 156 0
180 180 1454
181 39 0
181 117 0
181 181 785
182 5 0
182 49 0
182 167 0
182 173 0
182 182 942
183 21 0
183 131 0
183 149 0
183 183 1840
183 186 0
184 4 0
184 17 0
184 25 0
184 184 366
185 8 0
185 37 0
185 126 0
185 160 0
185 185 1687
186 26 0
186 176 0
186 183 0
186 186 1538
187 10 0
187 33 0
187 49 0
187 67 0
187 107 0
187 168 0
187 187 1384
188 15 0
188 34 0
188 124 0
188 125 0
188 188 1162
189 75 0
189 114 0
189 122 0
189 166 0
189 189 377
190 91 0
190 149 0
190 174 0
190 190 1714
191 54 0
191 151 0
191 191 1255
191 195 0
192 143 0
192 192 1186
193 9 0
193 31 0
193 55 0
193 152 0
193 193 1669
194 35 0
194 39 0
194 49 0
194 143 0
194 153 0
194 194 1883
195 36 0
195 191 0
195 195 232
195 196 0
196 48 0
196 52 0
196 100 0
196 106 0
196 195 0
196 196 1763
197 33 0
197 147 0
197 154 0
197 167 0
197 197 1886
198 25 0
198 48 0
198 140 0
198 198 126
199 199 162
