200
0 0 200
0 75 0
0 148 0
1 1 904
1 115 0
1 123 0
2 2 493
2 30 0
2 50 0
3 3 427
3 42 0
3 135 0
3 163 0
4 4 678
4 93 0
5 5 37
5 20 0
6 6 20
6 11 0
6 94 0
6 133 0
7 7 285
8 8 649
8 29 0
8 187 0
9 9 786
9 35 0
9 109 0
10 10 281
10 122 0
11 6 0
11 11 558
11 187 0
12 12 751
12 153 0
12 158 0
13 13 508
13 161 0
14 14 570
14 55 0
15 15 992
15 135 0
15 171 0
16 16 126
16 162 0
17 17 286
17 28 0
17 152 0
18 18 544
18 87 0
18 121 0
18 177 0
19 19 606
19 74 0
19 107 0
19 118 0
20 5 0
20 20 846
20 117 0
21 21 18
21 164 0
22 22 429
22 64 0
23 23 611
23 73 0
23 153 0
24 24 793
24 103 0
25 25 352
25 39 0
25 52 0
25 87 0
25 103 0
26 26 769
26 138 0
27 27 257
27 37 0
27 79 0
28 17 0
28 28 240
28 111 0
28 133 0
28 142 0
29 8 0
29 29 534
29 43 0
30 2 0
30 30 492
31 31 76
31 191 0
32 32 404
32 124 0
32 128 0
32 160 0
33 33 189
33 180 0
34 34 767
34 42 0
34 92 0
34 157 0
34 189 0
35 9 0
35 35 661
36 36 706
36 58 0
36 102 0
37 27 0
37 37 429
37 119 0
38 38 971
39 25 0
39 39 809
39 76 0
39 184 0
40 40 329
41 41 908
41 106 0
41 117 0
41 193 0
42 3 0
42 34 0
42 42 88
42 58 0
42 145 0
42 170 0
43 29 0
43 43 423
43 78 0
43 97 0
43 153 0
43 166 0
44 44 150
44 173 0
45 45 836
45 115 0
45 153 0
46 46 518
47 47 329
47 58 0
47 103 0
47 181 0
48 48 533
48 102 0
48 120 0
48 157 0
49 49 162
50 2 0
50 50 59
50 123 0
50 150 0
50 155 0
51 51 968
52 25 0
52 52 380
52 97 0
53 53 976
53 153 0
54 54 641
54 59 0
54 189 0
55 14 0
55 55 224
56 56 813
56 81 0
56 140 0
56 182 0
56 198 0
57 57 579
57 163 0
58 36 0
58 42 0
58 47 0
58 58 361
58 59 0
58 75 0
58 152 0
59 54 0
59 58 0
59 59 941
60 60 325
60 148 0
61 61 370
61 88 0
61 172 0
62 62 449
63 63 539
64 22 0
64 64 746
64 91 0
64 166 0
65 65 626
65 181 0
66 66 252
66 147 0
66 181 0
67 67 553
67 133 0
68 68 384
68 75 0
68 146 0
69 69 131
69 125 0
69 138 0
70 70 448
70 138 0
70 139 0
70 194 0
71 71 411
71 90 0
71 165 0
72 72 372
72 79 0
73 23 0
73 73 163
74 19 0
74 74 251
74 98 0
74 141 0
75 0 0
75 58 0
75 68 0
75 75 684
75 109 0
76 39 0
76 76 154
76 183 0
77 77 938
78 43 0
78 78 275
78 83 0
78 172 0
79 27 0
79 72 0
79 79 813
80 80 370
80 98 0
80 113 0
81 56 0
81 81 582
81 122 0
82 82 115
82 114 0
82 126 0
82 139 0
83 78 0
83 83 738
83 96 0
84 84 352
84 170 0
85 85 102
85 170 0
86 86 480
86 186 0
87 18 0
87 25 0
87 87 568
87 111 0
87 113 0
87 125 0
88 61 0
88 88 460
88 144 0
88 170 0
89 89 91
89 161 0
89 182 0
90 71 0
90 90 575
91 64 0
91 91 604
91 170 0
91 181 0
92 34 0
92 92 816
93 4 0
93 93 466
93 158 0
94 6 0
94 94 281
94 167 0
94 195 0
95 95 363
96 83 0
96 96 922
96 131 0
97 43 0
97 52 0
97 97 982
98 74 0
98 80 0
98 98 765
98 124 0
99 99 570
99 112 0
100 100 303
101 101 32
101 102 0
101 111 0
102 36 0
102 48 0
102 101 0
102 102 630
102 133 0
103 24 0
103 25 0
103 47 0
103 103 239
104 104 330
104 152 0
105 105 863
105 141 0
105 178 0
106 41 0
106 106 405
106 127 0
106 168 0
107 19 0
107 107 946
108 108 631
109 9 0
109 75 0
109 109 834
109 117 0
110 110 775
111 28 0
111 87 0
111 101 0
111 111 816
111 168 0
112 99 0
112 112 548
113 80 0
113 87 0
113 113 28
113 135 0
114 82 0
114 114 564
114 116 0
115 1 0
115 45 0
115 115 981
116 114 0
116 116 955
116 155 0
116 160 0
117 20 0
117 41 0
117 109 0
117 117 368
118 19 0
118 118 445
118 151 0
118 166 0
119 37 0
119 119 126
119 132 0
120 48 0
120 120 289
120 130 0
121 18 0
121 121 437
122 10 0
122 81 0
122 122 505
123 1 0
123 50 0
123 123 532
123 147 0
123 170 0
123 181 0
124 32 0
124 98 0
124 124 260
124 176 0
125 69 0
125 87 0
125 125 578
125 139 0
126 82 0
126 126 797
126 160 0
126 175 0
127 106 0
127 127 829
128 32 0
128 128 155
129 129 137
129 183 0
130 120 0
130 130 241
131 96 0
131 131 529
131 189 0
132 119 0
132 132 521
132 150 0
132 188 0
133 6 0
133 28 0
133 67 0
133 102 0
133 133 914
134 134 256
135 3 0
135 15 0
135 113 0
135 135 844
136 136 547
136 155 0
136 163 0
136 172 0
137 137 73
137 167 0
138 26 0
138 69 0
138 70 0
138 138 835
139 70 0
139 82 0
139 125 0
139 139 997
140 56 0
140 140 80
140 181 0
141 74 0
141 105 0
141 141 321
141 182 0
142 28 0
142 142 677
142 192 0
142 197 0
143 143 314
144 88 0
144 144 887
145 42 0
145 145 496
145 153 0
146 68 0
146 146 215
146 155 0
146 165 0
147 66 0
147 123 0
147 147 622
147 193 0
148 0 0
148 60 0
148 148 893
148 171 0
149 149 736
150 50 0
150 132 0
150 150 4
151 118 0
151 151 17
151 173 0
152 17 0
152 58 0
152 104 0
152 152 43
152 162 0
152 190 0
153 12 0
153 23 0
153 43 0
153 45 0
153 53 0
153 145 0
153 153 475
154 154 100
155 50 0
155 116 0
155 136 0
155 146 0
155 155 696
156 156 479
157 34 0
157 48 0
157 157 779
158 12 0
158 93 0
158 158 854
158 165 0
159 159 164
160 32 0
160 116 0
160 126 0
160 160 491
161 13 0
161 89 0
161 161 200
162 16 0
162 152 0
162 162 147
163 3 0
163 57 0
163 136 0
163 163 400
163 166 0
164 21 0
164 164 864
165 71 0
165 146 0
165 158 0
165 165 707
166 43 0
166 64 0
166 118 0
166 163 0
166 166 796
167 94 0
167 137 0
167 167 852
168 106 0
168 111 0
168 168 81
169 169 150
170 42 0
170 84 0
170 85 0
170 88 0
170 91 0
170 123 0
170 170 907
171 15 0
171 148 0
171 171 854
171 175 0
172 61 0
172 78 0
172 136 0
172 172 492
173 44 0
173 151 0
173 173 864
173 189 0
174 174 622
175 126 0
175 171 0
175 175 675
176 124 0
176 176 435
176 179 0
177 18 0
177 177 706
178 105 0
178 178 102
179 176 0
179 179 595
180 33 0
180 180 239
181 47 0
181 65 0
181 66 0
181 91 0
181 123 0
181 140 0
181 181 338
182 56 0
182 89 0
182 141 0
182 182 464
183 76 0
183 129 0
183 183 326
184 39 0
184 184 214
185 185 312
186 86 0
186 186 280
187 8 0
187 11 0
187 187 12
188 132 0
188 188 23
189 34 0
189 54 0
189 131 0
189 173 0
189 189 931
190 152 0
190 190 662
191 31 0
191 191 53
192 142 0
192 192 59
193 41 0
193 147 0
193 193 724
194 70 0
194 194 822
195 94 0
195 195 754
196 196 838
197 142 0
197 197 863
198 56 0
198 198 5
199 199 944
