400
0 0 1982
0 2 0
0 190 0
1 1 1721
1 82 0
1 398 0
2 0 0
2 2 946
3 3 537
3 347 0
4 4 882
4 253 0
5 5 1729
5 106 0
5 267 0
6 6 1660
6 10 0
6 273 0
7 7 1552
7 172 0
7 315 0
8 8 473
8 181 0
8 276 0
8 339 0
9 9 1407
9 95 0
9 112 0
9 182 0
9 194 0
9 202 0
10 6 0
10 10 1275
10 249 0
10 362 0
11 11 233
11 361 0
12 12 556
12 55 0
12 319 0
13 13 144
13 48 0
13 152 0
13 389 0
14 14 812
14 25 0
14 59 0
14 372 0
15 15 731
15 101 0
15 259 0
15 396 0
16 16 449
17 17 1195
18 18 757
18 80 0
18 128 0
18 153 0
18 176 0
18 280 0
18 320 0
19 19 463
19 82 0
19 251 0
19 270 0
20 20 1077
21 21 242
22 22 1549
22 304 0
23 23 1168
23 131 0
24 24 481
24 112 0
24 256 0
24 296 0
24 378 0
24 383 0
25 14 0
25 25 1431
26 26 204
26 259 0
27 27 58
28 28 247
28 38 0
28 362 0
28 371 0
29 29 1667
29 40 0
29 94 0
29 228 0
30 30 503
30 83 0
31 31 153
31 39 0
31 179 0
31 317 0
32 32 1965
32 119 0
32 248 0
33 33 558
33 112 0
34 34 1129
34 118 0
34 143 0
34 193 0
34 206 0
35 35 1369
35 313 0
35 377 0
36 36 1596
36 70 0
37 37 1599
37 136 0
37 212 0
37 295 0
38 28 0
38 38 1121
38 184 0
38 202 0
39 31 0
39 39 1915
39 88 0
39 215 0
39 220 0
39 381 0
40 29 0
40 40 227
40 45 0
40 61 0
41 41 389
41 337 0
42 42 1518
42 78 0
42 109 0
42 136 0
42 384 0
43 43 938
43 46 0
43 129 0
43 218 0
43 366 0
44 44 868
44 192 0
44 224 0
44 320 0
45 40 0
45 45 1456
45 245 0
45 335 0
46 43 0
46 46 583
46 58 0
46 70 0
46 153 0
47 47 995
47 64 0
47 117 0
47 270 0
48 13 0
48 48 1554
48 217 0
49 49 1253
50 50 860
50 137 0
50 193 0
50 232 0
50 242 0
51 51 1074
51 78 0
51 386 0
52 52 1434
52 114 0
52 205 0
53 53 1919
53 207 0
54 54 291
54 345 0
54 348 0
54 356 0
55 12 0
55 55 555
55 350 0
56 56 1727
56 101 0
56 237 0
57 57 1693
57 91 0
57 304 0
57 314 0
58 46 0
58 58 640
58 290 0
59 14 0
59 59 1395
59 134 0
60 60 934
60 245 0
60 283 0
61 40 0
61 61 1792
61 75 0
61 286 0
62 62 470
62 82 0
62 172 0
62 204 0
62 221 0
62 328 0
63 63 1068
63 105 0
63 168 0
63 317 0
64 47 0
64 64 1191
65 65 1083
65 289 0
65 373 0
66 66 1646
66 254 0
67 67 392
68 68 1089
69 69 566
69 391 0
70 36 0
70 46 0
70 70 1893
70 193 0
70 222 0
71 71 1195
71 142 0
72 72 680
72 205 0
72 256 0
72 309 0
73 73 1214
73 81 0
73 284 0
74 74 234
74 228 0
75 61 0
75 75 1401
75 84 0
75 155 0
76 76 1731
76 136 0
77 77 383
77 295 0
78 42 0
78 51 0
78 78 450
79 79 630
79 92 0
79 174 0
80 18 0
80 80 1583
80 328 0
81 73 0
81 81 1931
81 127 0
81 233 0
81 393 0
82 1 0
82 19 0
82 62 0
82 82 730
82 86 0
82 170 0
82 291 0
83 30 0
83 83 1519
83 116 0
84 75 0
84 84 1164
84 134 0
84 276 0
84 302 0
85 85 1288
85 104 0
86 82 0
86 86 181
87 87 32
87 184 0
88 39 0
88 88 1172
88 102 0
89 89 1880
89 205 0
90 90 1719
90 129 0
90 229 0
90 252 0
90 359 0
91 57 0
91 91 1356
91 314 0
91 321 0
91 341 0
92 79 0
92 92 1706
92 117 0
92 327 0
93 93 1867
94 29 0
94 94 1115
95 9 0
95 95 1954
95 227 0
95 249 0
95 370 0
96 96 1859
96 97 0
96 176 0
96 263 0
96 315 0
97 96 0
97 97 148
97 183 0
97 246 0
98 98 846
98 162 0
98 209 0
98 243 0
98 268 0
98 286 0
99 99 204
99 159 0
100 100 557
100 103 0
101 15 0
101 56 0
101 101 437
101 280 0
101 288 0
102 88 0
102 102 325
102 118 0
102 131 0
102 179 0
102 203 0
103 100 0
103 103 1600
103 133 0
103 226 0
104 85 0
104 104 579
104 300 0
105 63 0
105 105 1056
105 361 0
106 5 0
106 106 1723
106 125 0
107 107 1644
108 108 811
108 189 0
108 398 0
109 42 0
109 109 393
109 208 0
109 398 0
110 110 1171
110 387 0
111 111 1000
111 235 0
111 287 0
112 9 0
112 24 0
112 33 0
112 112 1272
112 281 0
112 294 0
113 113 1223
113 263 0
113 398 0
114 52 0
114 114 361
114 210 0
114 275 0
115 115 413
115 129 0
116 83 0
116 116 1452
116 323 0
116 362 0
116 393 0
117 47 0
117 92 0
117 117 440
118 34 0
118 102 0
118 118 934
118 325 0
119 32 0
119 119 1187
119 214 0
120 120 1940
120 239 0
121 121 1969
121 192 0
122 122 369
123 123 1294
123 135 0
123 201 0
123 211 0
123 266 0
124 124 1660
124 296 0
124 336 0
125 106 0
125 125 201
125 194 0
125 331 0
125 371 0
126 126 272
127 81 0
127 127 46
128 18 0
128 128 1287
128 226 0
128 228 0
129 43 0
129 90 0
129 115 0
129 129 481
130 130 1742
131 23 0
131 102 0
131 131 1033
131 339 0
132 132 1520
132 166 0
132 236 0
132 259 0
133 103 0
133 133 1919
134 59 0
134 84 0
134 134 601
134 139 0
135 123 0
135 135 1733
136 37 0
136 42 0
136 76 0
136 136 1506
136 263 0
137 50 0
137 137 422
137 159 0
137 182 0
137 334 0
138 138 1796
138 332 0
139 134 0
139 139 3
139 337 0
140 140 254
140 346 0
140 394 0
141 141 61
141 265 0
142 71 0
142 142 122
143 34 0
143 143 877
144 144 1761
145 145 328
145 204 0
146 146 714
146 293 0
146 363 0
146 379 0
147 147 177
147 282 0
147 293 0
148 148 1117
148 167 0
148 207 0
148 221 0
149 149 1962
150 150 762
150 297 0
151 151 838
151 242 0
152 13 0
152 152 1650
152 219 0
152 282 0
153 18 0
153 46 0
153 153 1236
153 306 0
154 154 1021
154 290 0
154 301 0
154 330 0
155 75 0
155 155 741
156 156 1396
156 298 0
157 157 1868
157 354 0
158 158 1025
158 184 0
159 99 0
159 137 0
159 159 766
159 259 0
160 160 108
160 308 0
161 161 3
161 243 0
161 250 0
162 98 0
162 162 882
163 163 561
163 319 0
163 323 0
163 359 0
164 164 1707
165 165 13
165 274 0
166 132 0
166 166 1369
166 276 0
167 148 0
167 167 696
167 345 0
168 63 0
168 168 581
168 232 0
168 266 0
169 169 1420
170 82 0
170 170 822
170 343 0
171 171 299
171 195 0
171 296 0
172 7 0
172 62 0
172 172 713
172 181 0
172 236 0
173 173 499
173 220 0
174 79 0
174 174 1888
174 336 0
175 175 381
175 252 0
175 261 0
175 296 0
176 18 0
176 96 0
176 176 135
176 238 0
177 177 433
177 247 0
177 269 0
177 279 0
178 178 947
179 31 0
179 102 0
179 179 198
179 188 0
180 180 1201
180 263 0
181 8 0
181 172 0
181 181 1551
182 9 0
182 137 0
182 182 188
182 371 0
182 395 0
183 97 0
183 183 788
183 289 0
184 38 0
184 87 0
184 158 0
184 184 1170
184 199 0
184 305 0
185 185 977
185 352 0
186 186 736
186 205 0
187 187 1546
188 179 0
188 188 1934
189 108 0
189 189 1746
190 0 0
190 190 989
190 250 0
191 191 1701
191 198 0
192 44 0
192 121 0
192 192 526
193 34 0
193 50 0
193 70 0
193 193 597
193 289 0
194 9 0
194 125 0
194 194 985
194 204 0
194 209 0
194 321 0
195 171 0
195 195 618
195 204 0
196 196 1954
196 309 0
197 197 331
198 191 0
198 198 1749
198 283 0
198 370 0
199 184 0
199 199 1124
199 303 0
200 200 1652
200 272 0
201 123 0
201 201 1450
201 205 0
202 9 0
202 38 0
202 202 299
202 263 0
203 102 0
203 203 1019
204 62 0
204 145 0
204 194 0
204 195 0
204 204 419
204 257 0
205 52 0
205 72 0
205 89 0
205 186 0
205 201 0
205 205 1577
205 276 0
206 34 0
206 206 530
207 53 0
207 148 0
207 207 1048
208 109 0
208 208 1660
208 246 0
208 381 0
209 98 0
209 194 0
209 209 784
210 114 0
210 210 986
211 123 0
211 211 1614
211 320 0
212 37 0
212 212 579
212 262 0
213 213 1132
214 119 0
214 214 1392
215 39 0
215 215 491
216 216 153
217 48 0
217 217 532
217 272 0
218 43 0
218 218 983
219 152 0
219 219 959
219 309 0
219 326 0
220 39 0
220 173 0
220 220 1789
221 62 0
221 148 0
221 221 537
222 70 0
222 222 1433
222 243 0
222 262 0
223 223 1792
223 334 0
224 44 0
224 224 1618
224 316 0
225 225 1660
226 103 0
226 128 0
226 226 1382
226 341 0
226 393 0
227 95 0
227 227 1745
227 303 0
228 29 0
228 74 0
228 128 0
228 228 1451
229 90 0
229 229 1927
230 230 1916
231 231 496
232 50 0
232 168 0
232 232 55
232 296 0
232 306 0
233 81 0
233 233 803
234 234 1475
235 111 0
235 235 807
236 132 0
236 172 0
236 236 720
236 311 0
236 382 0
237 56 0
237 237 1086
238 176 0
238 238 852
238 256 0
239 120 0
239 239 205
240 240 571
240 271 0
240 322 0
241 241 990
242 50 0
242 151 0
242 242 1526
242 364 0
243 98 0
243 161 0
243 222 0
243 243 103
243 299 0
244 244 1153
244 265 0
245 45 0
245 60 0
245 245 686
246 97 0
246 208 0
246 246 1510
246 346 0
247 177 0
247 247 1567
247 345 0
248 32 0
248 248 86
249 10 0
249 95 0
249 249 244
250 161 0
250 190 0
250 250 407
250 296 0
251 19 0
251 251 685
252 90 0
252 175 0
252 252 1326
253 4 0
253 253 364
253 327 0
253 382 0
254 66 0
254 254 920
255 255 196
256 24 0
256 72 0
256 238 0
256 256 1567
256 387 0
257 204 0
257 257 1364
257 299 0
257 306 0
258 258 1850
259 15 0
259 26 0
259 132 0
259 159 0
259 259 1006
260 260 537
260 385 0
261 175 0
261 261 1641
261 268 0
261 271 0
262 212 0
262 222 0
262 262 138
263 96 0
263 113 0
263 136 0
263 180 0
263 202 0
263 263 1931
263 381 0
264 264 116
264 344 0
264 361 0
264 377 0
265 141 0
265 244 0
265 265 1542
266 123 0
266 168 0
266 266 783
266 273 0
266 284 0
266 362 0
267 5 0
267 267 1241
268 98 0
268 261 0
268 268 161
268 332 0
269 177 0
269 269 363
270 19 0
270 47 0
270 270 1337
271 240 0
271 261 0
271 271 1840
272 200 0
272 217 0
272 272 928
272 288 0
273 6 0
273 266 0
273 273 951
273 288 0
274 165 0
274 274 103
275 114 0
275 275 420
275 298 0
276 8 0
276 84 0
276 166 0
276 205 0
276 276 1326
276 305 0
277 277 1919
278 278 1460
279 177 0
279 279 691
280 18 0
280 101 0
280 280 875
280 302 0
281 112 0
281 281 402
282 147 0
282 152 0
282 282 1188
282 378 0
283 60 0
283 198 0
283 283 704
284 73 0
284 266 0
284 284 1928
285 285 190
285 307 0
285 361 0
286 61 0
286 98 0
286 286 1636
287 111 0
287 287 1728
288 101 0
288 272 0
288 273 0
288 288 1504
288 329 0
289 65 0
289 183 0
289 193 0
289 289 1128
290 58 0
290 154 0
290 290 98
291 82 0
291 291 89
291 342 0
291 372 0
292 292 119
292 305 0
293 146 0
293 147 0
293 293 761
293 340 0
294 112 0
294 294 1647
294 307 0
295 37 0
295 77 0
295 295 1961
296 24 0
296 124 0
296 171 0
296 175 0
296 232 0
296 250 0
296 296 36
297 150 0
297 297 1437
298 156 0
298 275 0
298 298 1289
299 243 0
299 257 0
299 299 1759
299 369 0
300 104 0
300 300 1809
301 154 0
301 301 611
301 373 0
302 84 0
302 280 0
302 302 1601
302 345 0
302 393 0
302 395 0
303 199 0
303 227 0
303 303 857
304 22 0
304 57 0
304 304 606
305 184 0
305 276 0
305 292 0
305 305 204
306 153 0
306 232 0
306 257 0
306 306 765
307 285 0
307 294 0
307 307 268
308 160 0
308 308 448
308 380 0
309 72 0
309 196 0
309 219 0
309 309 1764
310 310 928
310 385 0
311 236 0
311 311 1543
312 312 569
313 35 0
313 313 1740
314 57 0
314 91 0
314 314 1822
315 7 0
315 96 0
315 315 366
316 224 0
316 316 759
316 327 0
317 31 0
317 63 0
317 317 1429
318 318 155
318 378 0
319 12 0
319 163 0
319 319 167
320 18 0
320 44 0
320 211 0
320 320 588
320 327 0
321 91 0
321 194 0
321 321 1007
322 240 0
322 322 65
323 116 0
323 163 0
323 323 464
324 324 1318
325 118 0
325 325 969
325 378 0
326 219 0
326 326 1222
327 92 0
327 253 0
327 316 0
327 320 0
327 327 462
328 62 0
328 80 0
328 328 835
329 288 0
329 329 204
330 154 0
330 330 1008
331 125 0
331 331 75
332 138 0
332 268 0
332 332 561
332 362 0
333 333 843
334 137 0
334 223 0
334 334 851
335 45 0
335 335 406
336 124 0
336 174 0
336 336 1883
337 41 0
337 139 0
337 337 959
338 338 601
339 8 0
339 131 0
339 339 1391
340 293 0
340 340 415
340 368 0
340 384 0
341 91 0
341 226 0
341 341 1132
342 291 0
342 342 964
343 170 0
343 343 1632
343 391 0
344 264 0
344 344 268
345 54 0
345 167 0
345 247 0
345 302 0
345 345 16
346 140 0
346 246 0
346 346 1446
347 3 0
347 347 1183
348 54 0
348 348 104
349 349 1733
350 55 0
350 350 1434
350 362 0
351 351 1145
352 185 0
352 352 405
353 353 1893
354 157 0
354 354 1459
355 355 1829
356 54 0
356 356 500
357 357 516
358 358 639
359 90 0
359 163 0
359 359 1771
359 396 0
360 360 1106
361 11 0
361 105 0
361 264 0
361 285 0
361 361 1522
362 10 0
362 28 0
362 116 0
362 266 0
362 332 0
362 350 0
362 362 1795
363 146 0
363 363 1298
364 242 0
364 364 1789
365 365 550
366 43 0
366 366 53
367 367 82
368 340 0
368 368 1040
369 299 0
369 369 1402
370 95 0
370 198 0
370 370 283
370 398 0
371 28 0
371 125 0
371 182 0
371 371 1345
372 14 0
372 291 0
372 372 282
373 65 0
373 301 0
373 373 1732
374 374 972
375 375 1368
376 376 454
376 386 0
377 35 0
377 264 0
377 377 1945
377 385 0
378 24 0
378 282 0
378 318 0
378 325 0
378 378 1222
379 146 0
379 379 191
380 308 0
380 380 1037
381 39 0
381 208 0
381 263 0
381 381 993
382 236 0
382 253 0
382 382 1032
383 24 0
383 383 767
384 42 0
384 340 0
384 384 1209
385 260 0
385 310 0
385 377 0
385 385 1503
386 51 0
386 376 0
386 386 632
386 394 0
387 110 0
387 256 0
387 387 1510
388 388 1758
389 13 0
389 389 462
390 390 296
391 69 0
391 343 0
391 391 1170
392 392 635
393 81 0
393 116 0
393 226 0
393 302 0
393 393 923
394 140 0
394 386 0
394 394 1403
395 182 0
395 302 0
395 395 331
396 15 0
396 359 0
396 396 1658
397 397 525
398 1 0
398 108 0
398 109 0
398 113 0
398 370 0
398 398 1531
399 399 945
