400
0 46
0 63
0 155
0 206
0 314
1 11
1 60
1 80
1 115
1 245
1 278
1 300
1 311
1 396
2 23
2 101
2 117
2 190
2 316
2 340
3 14
3 41
3 153
3 212
3 317
3 337
4 20
4 41
4 50
4 68
4 158
4 183
4 258
4 331
4 342
5 178
5 321
6 11
6 24
6 60
6 164
6 324
7 52
7 171
7 190
7 285
7 374
7 392
8 10
8 29
8 71
8 150
8 225
8 226
8 240
8 267
8 309
8 310
8 355
9 116
9 207
9 273
9 321
10 8
10 14
10 119
10 143
10 162
10 215
10 270
10 322
10 325
10 337
10 347
10 382
11 1
11 6
11 111
11 122
11 123
11 167
11 262
11 275
11 316
11 360
12 37
12 55
12 76
12 96
12 274
12 353
12 371
13 94
13 97
13 151
13 169
13 183
13 294
13 327
14 3
14 10
14 44
14 73
14 88
14 117
14 150
14 188
14 220
14 272
14 275
15 56
15 90
15 104
15 106
15 199
15 277
15 321
15 370
16 94
16 256
16 306
17 30
17 83
17 97
17 101
17 111
17 198
17 233
17 247
17 274
17 288
17 341
17 346
18 43
18 111
18 151
18 182
18 304
18 327
18 399
19 66
19 82
19 84
19 90
19 121
19 256
19 284
20 4
20 33
20 120
20 143
20 166
20 239
20 242
20 251
20 330
20 395
21 114
21 199
21 201
21 291
21 396
22 64
22 65
22 86
22 174
22 228
22 233
22 282
22 325
23 2
23 43
23 86
23 87
23 169
23 220
23 262
23 275
23 302
23 311
24 6
24 70
24 177
24 181
24 222
24 227
24 253
24 257
24 378
25 100
25 130
25 184
25 285
25 339
26 36
26 63
26 92
26 148
26 185
26 246
26 264
26 276
26 357
26 377
27 30
27 57
27 68
27 75
27 133
27 158
27 238
27 346
27 368
27 398
28 40
28 283
28 294
28 317
28 343
29 8
29 111
29 211
29 285
29 312
29 380
30 17
30 27
30 37
30 48
30 90
30 124
30 150
30 257
30 279
30 289
30 324
31 60
31 100
31 171
31 327
31 397
32 229
32 267
32 277
32 351
32 368
33 20
33 114
33 238
33 240
33 323
33 367
33 371
34 64
34 301
34 372
34 388
34 395
35 114
35 240
35 297
35 368
35 388
36 26
36 228
36 246
36 252
36 260
36 332
37 12
37 30
37 98
37 186
37 194
37 210
37 247
37 250
37 255
37 270
37 283
37 288
37 307
37 354
37 375
38 76
38 262
38 265
38 323
38 389
39 143
40 28
40 49
40 87
40 101
40 187
40 223
40 226
40 240
40 296
40 323
40 328
40 343
41 3
41 4
41 159
41 184
41 209
41 230
41 234
41 268
41 330
41 333
41 346
42 63
42 130
42 181
42 244
42 254
42 288
42 314
42 324
42 355
43 18
43 23
43 73
43 80
43 100
43 126
43 202
43 203
43 260
43 374
44 14
44 47
44 58
44 194
44 290
44 343
44 388
44 392
45 103
45 168
45 204
45 258
45 303
45 350
45 355
46 0
46 72
46 262
46 283
46 347
46 358
46 362
46 371
47 44
47 120
47 149
47 220
47 302
47 313
47 394
47 398
48 30
48 60
48 112
48 114
48 136
48 169
48 176
48 246
48 252
48 284
49 40
49 76
49 160
49 170
49 179
49 287
49 290
49 306
49 339
50 4
50 61
50 69
50 140
50 250
50 314
50 339
50 344
51 70
51 77
51 84
51 101
51 113
51 198
51 252
51 302
51 308
51 329
51 384
51 389
52 7
52 124
52 218
52 228
52 300
52 366
53 131
53 245
53 257
53 261
53 293
53 295
53 319
53 364
53 365
53 388
54 79
54 129
54 312
54 396
55 12
55 67
55 111
55 226
55 253
55 317
56 15
56 98
56 317
57 27
57 143
57 288
57 293
57 381
58 44
58 113
58 190
58 340
58 358
58 371
58 389
58 391
59 151
59 153
59 175
59 201
59 213
59 397
60 1
60 6
60 31
60 48
60 135
60 170
60 207
60 228
60 273
61 50
61 116
61 174
61 291
61 386
62 166
62 212
62 312
62 341
62 363
62 384
63 0
63 26
63 42
63 135
63 157
63 265
63 355
63 395
64 22
64 34
64 118
64 170
64 192
64 245
64 316
64 325
64 327
64 351
64 376
65 22
65 81
65 149
65 154
65 162
65 168
65 201
65 395
66 19
66 75
66 86
66 256
67 55
67 183
67 254
67 296
67 312
67 360
67 382
68 4
68 27
68 98
68 186
68 233
68 308
68 333
68 376
69 50
69 217
69 219
69 265
69 295
69 336
70 24
70 51
70 79
70 93
70 208
70 240
70 250
70 295
70 350
70 384
71 8
71 184
71 259
71 262
71 276
71 318
71 330
72 46
72 76
72 339
72 365
73 14
73 43
73 108
73 175
73 205
73 253
73 282
73 302
74 241
74 279
74 288
74 304
74 355
74 380
75 27
75 66
75 122
75 150
75 192
75 227
75 274
75 331
75 372
75 389
76 12
76 38
76 49
76 72
76 100
76 160
76 210
76 276
76 285
76 325
76 342
76 347
77 51
77 80
77 164
77 175
77 312
77 334
77 378
78 90
78 255
78 370
79 54
79 70
79 141
79 145
79 160
79 170
79 333
80 1
80 43
80 77
80 81
80 123
80 146
80 180
80 185
80 213
80 220
80 289
80 309
80 316
80 337
80 347
80 352
81 65
81 80
81 98
81 274
81 305
81 324
81 351
81 368
82 19
82 141
82 212
82 217
82 301
82 309
82 316
82 346
82 369
82 374
83 17
83 166
83 196
83 290
83 340
83 355
83 368
83 373
84 19
84 51
84 88
84 199
84 203
84 210
84 275
84 292
84 377
84 398
85 106
85 110
85 152
85 224
85 286
85 343
85 397
86 22
86 23
86 66
86 191
86 292
86 300
86 349
86 393
87 23
87 40
87 102
87 106
87 157
87 194
87 284
87 331
87 352
87 376
87 397
88 14
88 84
88 129
88 196
88 201
88 229
88 363
89 126
89 162
89 232
89 244
89 369
90 15
90 19
90 30
90 78
90 183
90 225
90 227
90 275
91 147
91 162
91 230
91 279
91 351
91 361
92 26
92 122
92 159
92 203
92 266
93 70
93 116
93 199
94 13
94 16
94 167
94 170
94 185
94 266
94 315
94 368
95 236
95 265
95 306
96 12
96 186
96 241
96 256
96 268
96 271
96 287
96 350
96 372
96 377
96 390
96 398
97 13
97 17
97 106
97 118
97 178
97 213
97 218
97 318
97 341
97 385
98 37
98 56
98 68
98 81
98 237
98 243
98 311
98 316
98 336
98 372
99 147
99 197
99 235
99 242
99 271
99 314
99 382
100 25
100 31
100 43
100 76
100 138
100 147
101 2
101 17
101 40
101 51
101 221
101 346
101 365
102 87
102 141
102 222
102 225
102 297
102 307
102 349
103 45
103 132
103 141
103 231
103 236
103 319
103 375
103 377
104 15
104 124
104 175
104 268
104 315
104 318
104 336
104 372
104 375
104 377
104 380
104 382
104 395
105 112
105 140
105 175
105 229
105 244
105 256
105 355
105 395
106 15
106 85
106 87
106 97
106 142
106 150
106 179
106 201
106 205
106 206
106 279
107 131
107 150
107 293
107 327
108 73
108 117
108 124
108 161
108 182
108 197
108 206
108 217
108 341
109 123
109 130
109 131
109 292
110 85
110 114
110 196
110 234
110 314
110 348
110 367
110 389
111 11
111 17
111 18
111 29
111 55
111 115
111 194
111 206
111 256
111 273
112 48
112 105
112 259
112 297
112 383
113 51
113 58
113 255
113 266
113 289
113 308
113 323
113 353
113 399
114 21
114 33
114 35
114 48
114 110
114 167
114 183
114 231
114 303
114 304
114 358
115 1
115 111
115 188
115 255
115 271
115 323
115 390
116 9
116 61
116 93
116 125
116 147
116 202
116 249
116 317
116 358
116 365
117 2
117 14
117 108
117 176
117 218
117 225
117 244
117 271
117 357
117 362
118 64
118 97
118 124
118 145
118 214
118 215
118 235
118 267
118 372
118 377
119 10
119 146
119 153
119 301
119 306
119 311
119 357
119 387
120 20
120 47
120 180
120 230
120 276
120 323
120 326
120 364
120 399
121 19
121 200
121 217
121 271
122 11
122 75
122 92
122 194
122 235
123 11
123 80
123 109
123 140
123 233
123 268
123 377
124 30
124 52
124 104
124 108
124 118
124 140
124 195
124 198
124 200
124 208
124 212
124 220
124 295
124 300
125 116
125 136
125 148
125 166
125 199
125 266
125 285
125 292
125 299
125 305
125 364
126 43
126 89
126 181
126 191
126 284
126 331
126 356
127 141
127 154
127 168
127 175
127 322
127 329
127 349
127 354
128 194
128 213
128 252
128 354
128 366
129 54
129 88
129 133
129 145
129 192
129 212
129 276
129 367
129 399
130 25
130 42
130 109
130 272
130 277
130 284
130 318
131 53
131 107
131 109
131 144
131 343
132 103
132 207
132 267
132 282
132 340
132 359
132 384
133 27
133 129
133 144
133 236
133 382
134 159
134 173
134 248
134 296
134 330
135 60
135 63
135 163
135 263
135 315
136 48
136 125
136 189
136 215
136 269
136 305
136 318
136 322
136 331
136 366
136 378
137 183
137 191
137 215
137 309
137 350
137 367
137 392
138 100
138 281
138 318
138 386
139 161
139 262
139 272
139 273
139 338
140 50
140 105
140 123
140 124
141 79
141 82
141 102
141 103
141 127
141 184
141 193
141 255
141 266
141 286
141 337
141 373
141 382
142 106
142 167
142 189
142 228
142 242
142 343
142 347
142 364
143 10
143 20
143 39
143 57
143 182
143 190
143 222
143 242
143 249
143 259
143 266
143 305
144 131
144 133
144 215
144 227
144 247
144 327
144 350
144 361
145 79
145 118
145 129
145 267
145 271
145 345
145 388
145 390
146 80
146 119
146 273
146 346
147 91
147 99
147 100
147 116
147 185
147 365
147 376
148 26
148 125
148 303
148 351
148 379
149 47
149 65
149 175
149 183
149 204
149 211
149 230
149 239
149 292
150 8
150 14
150 30
150 75
150 106
150 107
150 204
150 205
150 207
150 247
150 295
150 338
150 345
150 359
151 13
151 18
151 59
151 154
151 191
151 212
151 331
151 354
151 377
152 85
152 204
152 276
152 386
153 3
153 59
153 119
153 156
153 164
153 195
153 215
153 345
153 373
153 397
154 65
154 127
154 151
154 177
154 200
154 226
154 244
154 268
154 272
154 312
154 338
154 354
155 0
155 187
155 191
155 209
155 284
155 307
155 331
155 348
156 153
156 184
156 218
156 232
156 272
156 298
156 386
157 63
157 87
157 180
157 297
158 4
158 27
158 159
158 170
158 249
158 392
159 41
159 92
159 134
159 158
159 165
159 168
159 198
159 211
159 213
159 258
159 263
159 279
159 316
159 321
159 322
159 338
160 49
160 76
160 79
160 211
160 215
160 291
160 365
161 108
161 139
161 174
161 288
161 318
161 367
161 392
161 395
162 10
162 65
162 89
162 91
162 304
162 398
163 135
163 209
163 252
163 258
163 301
163 367
164 6
164 77
164 153
164 192
164 245
164 325
164 353
164 399
165 159
165 182
165 342
165 363
165 379
165 390
166 20
166 62
166 83
166 125
166 177
166 199
166 244
166 250
166 284
166 328
167 11
167 94
167 114
167 142
167 212
167 282
167 355
168 45
168 65
168 127
168 159
168 177
168 264
168 265
168 354
168 367
169 13
169 23
169 48
169 177
169 238
169 301
169 324
170 49
170 60
170 64
170 79
170 94
170 158
170 173
170 289
170 337
170 387
171 7
171 31
171 183
171 286
171 290
171 316
171 353
171 368
171 392
171 399
172 224
172 281
172 306
173 134
173 170
173 175
173 212
173 215
173 325
173 335
173 354
173 375
174 22
174 61
174 161
174 184
174 229
174 242
174 263
175 59
175 73
175 77
175 104
175 105
175 127
175 149
175 173
175 187
175 226
175 280
175 298
175 347
175 391
176 48
176 117
176 223
176 249
176 273
177 24
177 154
177 166
177 168
177 169
177 234
177 304
177 375
178 5
178 97
178 306
178 398
179 49
179 106
179 190
179 227
179 249
179 284
179 296
179 306
179 327
179 348
179 375
180 80
180 120
180 157
180 205
180 340
180 363
180 370
181 24
181 42
181 126
181 214
181 268
181 362
182 18
182 108
182 143
182 165
182 206
182 211
182 306
182 335
182 380
183 4
183 13
183 67
183 90
183 114
183 137
183 149
183 171
183 255
183 282
183 378
183 396
184 25
184 41
184 71
184 141
184 156
184 174
184 196
184 205
184 310
184 383
184 389
185 26
185 80
185 94
185 147
185 202
185 236
185 239
185 256
185 344
185 393
186 37
186 68
186 96
186 270
186 293
186 303
186 351
186 365
186 380
187 40
187 155
187 175
187 195
187 229
187 253
187 375
187 388
187 392
188 14
188 115
188 231
188 259
188 288
188 313
188 349
189 136
189 142
189 272
189 282
189 305
189 372
189 380
190 2
190 7
190 58
190 143
190 179
190 214
190 258
190 355
190 365
190 382
191 86
191 126
191 137
191 151
191 155
191 208
191 282
191 336
191 346
191 394
192 64
192 75
192 129
192 164
192 197
192 228
192 289
192 302
192 324
192 350
192 356
192 382
192 389
193 141
193 207
193 247
193 248
193 366
193 384
194 37
194 44
194 87
194 111
194 122
194 128
194 214
194 252
194 273
195 124
195 153
195 187
195 280
195 288
195 317
195 366
196 83
196 88
196 110
196 184
196 238
196 261
196 269
196 297
196 300
196 332
197 99
197 108
197 192
197 258
197 278
197 305
197 311
197 389
198 17
198 51
198 124
198 159
198 210
198 231
198 290
198 294
198 315
198 319
198 358
199 15
199 21
199 84
199 93
199 125
199 166
199 205
199 280
200 121
200 124
200 154
200 309
201 21
201 59
201 65
201 88
201 106
201 248
201 280
201 385
201 393
202 43
202 116
202 185
202 248
202 263
202 328
203 43
203 84
203 92
203 206
203 218
203 334
203 381
203 391
204 45
204 149
204 150
204 152
204 212
204 219
204 221
204 298
204 301
204 391
205 73
205 106
205 150
205 180
205 184
205 199
205 210
205 231
205 311
205 390
206 0
206 106
206 108
206 111
206 182
206 203
206 230
206 255
206 270
206 275
207 9
207 60
207 132
207 150
207 193
207 258
207 327
207 336
207 342
208 70
208 124
208 191
208 233
209 41
209 155
209 163
209 279
209 313
209 318
209 364
209 366
210 37
210 76
210 84
210 198
210 205
210 217
211 29
211 149
211 159
211 160
211 182
211 234
211 235
211 242
211 330
211 358
212 3
212 62
212 82
212 124
212 129
212 151
212 167
212 173
212 204
212 289
212 307
213 59
213 80
213 97
213 128
213 159
213 230
213 241
213 291
213 366
214 118
214 181
214 190
214 194
214 334
214 393
215 10
215 118
215 136
215 137
215 144
215 153
215 160
215 173
215 220
215 245
215 316
215 393
216 333
216 391
217 69
217 82
217 108
217 121
217 210
217 224
217 229
217 247
218 52
218 97
218 117
218 156
218 203
218 274
219 69
219 204
219 226
219 229
219 310
219 387
220 14
220 23
220 47
220 80
220 124
220 215
220 248
221 101
221 204
221 232
221 268
221 326
222 24
222 102
222 143
222 354
222 357
222 383
223 40
223 176
223 360
224 85
224 172
224 217
224 234
224 284
224 304
224 336
224 389
225 8
225 90
225 102
225 117
225 251
225 291
225 301
225 310
225 336
225 376
226 8
226 40
226 55
226 154
226 175
226 219
226 254
226 260
226 272
226 273
226 282
226 298
226 342
227 24
227 75
227 90
227 144
227 179
227 232
227 233
227 302
227 336
227 358
227 391
228 22
228 36
228 52
228 60
228 142
228 192
228 366
228 376
229 32
229 88
229 105
229 174
229 187
229 217
229 219
229 242
229 251
229 301
229 393
230 41
230 91
230 120
230 149
230 206
230 213
230 292
230 367
230 378
230 380
231 103
231 114
231 188
231 198
231 205
231 241
231 338
231 356
232 89
232 156
232 221
232 227
232 323
232 339
233 17
233 22
233 68
233 123
233 208
233 227
233 264
234 41
234 110
234 177
234 211
234 224
234 246
234 252
234 353
235 99
235 118
235 122
235 211
235 254
235 314
235 363
236 95
236 103
236 133
236 185
236 346
237 98
237 305
237 307
237 354
237 382
238 27
238 33
238 169
238 196
238 294
238 320
239 20
239 149
239 185
239 260
239 270
239 317
239 373
239 375
239 384
239 388
240 8
240 33
240 35
240 40
240 70
240 254
240 323
240 362
240 376
241 74
241 96
241 213
241 231
241 377
241 380
241 391
242 20
242 99
242 142
242 143
242 174
242 211
242 229
242 255
242 275
242 290
242 321
242 355
243 98
243 288
243 386
244 42
244 89
244 105
244 117
244 154
244 166
244 252
244 257
244 331
244 371
245 1
245 53
245 64
245 164
245 215
245 263
245 393
245 396
245 398
246 26
246 36
246 48
246 234
246 282
246 329
247 17
247 37
247 144
247 150
247 193
247 217
247 384
248 134
248 193
248 201
248 202
248 220
248 250
249 116
249 143
249 158
249 176
249 179
249 286
249 310
249 321
250 37
250 50
250 70
250 166
250 248
250 308
250 311
250 331
250 333
251 20
251 225
251 229
251 275
251 323
251 347
252 36
252 48
252 51
252 128
252 163
252 194
252 234
252 244
252 299
252 351
252 383
253 24
253 55
253 73
253 187
253 285
253 302
253 303
253 314
253 334
254 42
254 67
254 226
254 235
254 240
255 37
255 78
255 113
255 115
255 141
255 183
255 206
255 242
255 258
255 365
256 16
256 19
256 66
256 96
256 105
256 111
256 185
256 260
256 264
256 284
256 287
256 339
257 24
257 30
257 53
257 244
258 4
258 45
258 159
258 163
258 190
258 197
258 207
258 255
259 71
259 112
259 143
259 188
259 397
260 36
260 43
260 226
260 239
260 256
260 286
260 294
260 295
260 311
261 53
261 196
261 337
261 352
262 11
262 23
262 38
262 46
262 71
262 139
262 272
262 295
263 135
263 159
263 174
263 202
263 245
263 306
263 326
264 26
264 168
264 233
264 256
264 298
265 38
265 63
265 69
265 95
265 168
265 279
265 371
266 92
266 94
266 113
266 125
266 141
266 143
266 298
267 8
267 32
267 118
267 132
267 145
267 299
268 41
268 96
268 104
268 123
268 154
268 181
268 221
268 282
268 354
269 136
269 196
269 286
269 304
269 316
269 336
269 337
269 339
269 351
270 10
270 37
270 186
270 206
270 239
270 301
270 308
271 96
271 99
271 115
271 117
271 121
271 145
271 321
271 376
272 14
272 130
272 139
272 154
272 156
272 189
272 226
272 262
272 315
272 345
272 349
273 9
273 60
273 111
273 139
273 146
273 176
273 194
273 226
273 315
273 349
273 356
273 369
274 12
274 17
274 75
274 81
274 218
274 314
275 11
275 14
275 23
275 84
275 90
275 206
275 242
275 251
275 349
276 26
276 71
276 76
276 120
276 129
276 152
276 310
277 15
277 32
277 130
277 295
277 376
278 1
278 197
278 284
278 349
278 385
279 30
279 74
279 91
279 106
279 159
279 209
279 265
279 369
280 175
280 195
280 199
280 201
280 351
280 365
280 369
281 138
281 172
281 312
281 391
282 22
282 73
282 132
282 167
282 183
282 189
282 191
282 226
282 246
282 268
282 332
282 375
283 28
283 37
283 46
283 311
283 322
284 19
284 48
284 87
284 126
284 130
284 155
284 166
284 179
284 224
284 256
284 278
284 360
285 7
285 25
285 29
285 76
285 125
285 253
285 291
285 337
285 348
285 370
286 85
286 141
286 171
286 249
286 260
286 269
286 370
287 49
287 96
287 256
287 334
288 17
288 37
288 42
288 57
288 74
288 161
288 188
288 195
288 243
289 30
289 80
289 113
289 170
289 192
289 212
289 395
290 44
290 49
290 83
290 171
290 198
290 242
290 381
290 391
291 21
291 61
291 160
291 213
291 225
291 285
291 300
291 312
291 335
292 84
292 86
292 109
292 125
292 149
292 230
292 313
292 321
293 53
293 57
293 107
293 186
293 312
294 13
294 28
294 198
294 238
294 260
294 303
294 331
294 395
295 53
295 69
295 70
295 124
295 150
295 260
295 262
295 277
296 40
296 67
296 134
296 179
296 307
296 354
296 365
297 35
297 102
297 112
297 157
297 196
297 324
297 328
298 156
298 175
298 204
298 226
298 264
298 266
298 365
299 125
299 252
299 267
299 317
299 344
299 375
300 1
300 52
300 86
300 124
300 196
300 291
300 331
300 381
300 390
301 34
301 82
301 119
301 163
301 169
301 204
301 225
301 229
301 270
301 309
301 351
301 376
301 390
302 23
302 47
302 51
302 73
302 192
302 227
302 253
302 318
302 339
303 45
303 114
303 148
303 186
303 253
303 294
303 329
303 367
304 18
304 74
304 114
304 162
304 177
304 224
304 269
304 313
304 383
305 81
305 125
305 136
305 143
305 189
305 197
305 237
305 310
305 350
305 364
306 16
306 49
306 95
306 119
306 172
306 178
306 179
306 182
306 263
306 311
306 332
306 365
307 37
307 102
307 155
307 212
307 237
307 296
308 51
308 68
308 113
308 250
308 270
308 309
308 326
309 8
309 80
309 82
309 137
309 200
309 301
309 308
309 389
310 8
310 184
310 219
310 225
310 249
310 276
310 305
311 1
311 23
311 98
311 119
311 197
311 205
311 250
311 260
311 283
311 306
311 318
312 29
312 54
312 62
312 67
312 77
312 154
312 281
312 291
312 293
312 323
312 381
313 47
313 188
313 209
313 292
313 304
313 328
313 358
313 367
314 0
314 42
314 50
314 99
314 110
314 235
314 253
314 274
314 390
315 94
315 104
315 135
315 198
315 272
315 273
315 346
315 356
315 360
315 361
316 2
316 11
316 64
316 80
316 82
316 98
316 159
316 171
316 215
316 269
317 3
317 28
317 55
317 56
317 116
317 195
317 239
317 299
317 329
317 339
318 71
318 97
318 104
318 130
318 136
318 138
318 161
318 209
318 302
318 311
319 53
319 103
319 198
319 321
319 328
319 343
319 388
319 389
320 238
320 342
320 355
321 5
321 9
321 15
321 159
321 242
321 249
321 271
321 292
321 319
322 10
322 127
322 136
322 159
322 283
322 396
323 33
323 38
323 40
323 113
323 115
323 120
323 232
323 240
323 251
323 312
324 6
324 30
324 42
324 81
324 169
324 192
324 297
324 340
325 10
325 22
325 64
325 76
325 164
325 173
325 394
326 120
326 221
326 263
326 308
326 358
327 13
327 18
327 31
327 64
327 107
327 144
327 179
327 207
328 40
328 166
328 202
328 297
328 313
328 319
328 333
328 335
329 51
329 127
329 246
329 303
329 317
330 20
330 41
330 71
330 134
330 211
331 4
331 75
331 87
331 126
331 136
331 151
331 155
331 244
331 250
331 294
331 300
331 373
331 389
332 36
332 196
332 282
332 306
332 334
333 41
333 68
333 79
333 216
333 250
333 328
333 334
333 346
333 381
334 77
334 203
334 214
334 253
334 287
334 332
334 333
334 335
335 173
335 182
335 291
335 328
335 334
335 338
335 346
335 351
335 383
336 69
336 98
336 104
336 191
336 207
336 224
336 225
336 227
336 269
336 364
337 3
337 10
337 80
337 141
337 170
337 261
337 269
337 285
337 387
338 139
338 150
338 154
338 159
338 231
338 335
338 392
339 25
339 49
339 50
339 72
339 232
339 256
339 269
339 302
339 317
340 2
340 58
340 83
340 132
340 180
340 324
340 376
341 17
341 62
341 97
341 108
341 385
342 4
342 76
342 165
342 207
342 226
342 320
342 361
343 28
343 40
343 44
343 85
343 131
343 142
343 319
343 348
344 50
344 185
344 299
344 356
345 145
345 150
345 153
345 272
345 356
345 382
346 17
346 27
346 41
346 82
346 101
346 146
346 191
346 236
346 315
346 333
346 335
346 391
347 10
347 46
347 76
347 80
347 142
347 175
347 251
347 355
347 376
348 110
348 155
348 179
348 285
348 343
349 86
349 102
349 127
349 188
349 272
349 273
349 275
349 278
349 359
349 370
350 45
350 70
350 96
350 137
350 144
350 192
350 305
350 393
351 32
351 64
351 81
351 91
351 148
351 186
351 252
351 269
351 280
351 301
351 335
352 80
352 87
352 261
352 355
352 387
353 12
353 113
353 164
353 171
353 234
353 370
354 37
354 127
354 128
354 151
354 154
354 168
354 173
354 222
354 237
354 268
354 296
354 364
354 387
355 8
355 42
355 45
355 63
355 74
355 83
355 105
355 167
355 190
355 242
355 320
355 347
355 352
355 369
355 396
356 126
356 192
356 231
356 273
356 315
356 344
356 345
356 399
357 26
357 117
357 119
357 222
357 390
357 396
358 46
358 58
358 114
358 116
358 198
358 211
358 227
358 313
358 326
359 132
359 150
359 349
360 11
360 67
360 223
360 284
360 315
360 383
361 91
361 144
361 315
361 342
362 46
362 117
362 181
362 240
362 384
363 62
363 88
363 165
363 180
363 235
364 53
364 120
364 125
364 142
364 209
364 305
364 336
364 354
364 386
365 53
365 72
365 101
365 116
365 147
365 160
365 186
365 190
365 255
365 280
365 296
365 298
365 306
366 52
366 128
366 136
366 193
366 195
366 209
366 213
366 228
367 33
367 110
367 129
367 137
367 161
367 163
367 168
367 230
367 303
367 313
368 27
368 32
368 35
368 81
368 83
368 94
368 171
368 398
369 82
369 89
369 273
369 279
369 280
369 355
369 390
370 15
370 78
370 180
370 285
370 286
370 349
370 353
371 12
371 33
371 46
371 58
371 244
371 265
372 34
372 75
372 96
372 98
372 104
372 118
372 189
373 83
373 141
373 153
373 239
373 331
373 385
374 7
374 43
374 82
374 383
374 384
374 387
375 37
375 103
375 104
375 173
375 177
375 179
375 187
375 239
375 282
375 299
375 389
376 64
376 68
376 87
376 147
376 225
376 228
376 240
376 271
376 277
376 301
376 340
376 347
377 26
377 84
377 96
377 103
377 104
377 118
377 123
377 151
377 241
377 398
378 24
378 77
378 136
378 183
378 230
379 148
379 165
380 29
380 74
380 104
380 182
380 186
380 189
380 230
380 241
381 57
381 203
381 290
381 300
381 312
381 333
382 10
382 67
382 99
382 104
382 133
382 141
382 190
382 192
382 237
382 345
383 112
383 184
383 222
383 252
383 304
383 335
383 360
383 374
384 51
384 62
384 70
384 132
384 193
384 239
384 247
384 362
384 374
384 394
385 97
385 201
385 278
385 341
385 373
386 61
386 138
386 152
386 156
386 243
386 364
387 119
387 170
387 219
387 337
387 352
387 354
387 374
388 34
388 35
388 44
388 53
388 145
388 187
388 239
388 319
388 389
389 38
389 51
389 58
389 75
389 110
389 184
389 192
389 197
389 224
389 309
389 319
389 331
389 375
389 388
390 96
390 115
390 145
390 165
390 205
390 300
390 301
390 314
390 357
390 369
391 58
391 175
391 203
391 204
391 216
391 227
391 241
391 281
391 290
391 346
392 7
392 44
392 137
392 158
392 161
392 171
392 187
392 338
393 86
393 185
393 201
393 214
393 215
393 229
393 245
393 350
394 47
394 191
394 325
394 384
395 20
395 34
395 63
395 65
395 104
395 105
395 161
395 289
395 294
396 1
396 21
396 54
396 183
396 245
396 322
396 355
396 357
397 31
397 59
397 85
397 87
397 153
397 259
398 27
398 47
398 84
398 96
398 162
398 178
398 245
398 368
398 377
399 18
399 113
399 120
399 129
399 164
399 171
399 356
