400
0 157
0 163
0 188
1 23
1 376
2 135
2 321
3 304
4 377
5 104
5 131
5 346
5 348
5 383
6 385
7 32
8 38
8 163
8 248
8 331
9 242
9 357
10 52
10 251
10 300
11 243
11 389
13 184
13 251
13 293
14 168
14 264
14 372
14 378
15 289
15 342
16 52
17 27
17 126
18 73
18 210
18 271
19 396
20 76
21 31
21 371
22 70
22 76
22 192
23 1
24 137
24 329
26 216
26 229
26 395
27 17
27 148
28 78
30 104
30 331
31 21
31 106
32 7
32 38
32 322
33 169
33 243
34 44
35 54
35 261
35 279
36 104
36 109
37 75
37 128
37 160
37 186
37 312
37 364
38 8
38 32
38 298
39 141
39 277
40 256
41 82
41 237
41 255
41 341
42 386
43 139
43 328
44 34
44 110
45 105
45 155
45 238
46 220
46 253
47 85
47 313
47 351
48 106
48 139
48 214
49 141
49 357
50 223
51 60
51 95
51 262
51 322
52 10
52 16
53 346
54 35
55 145
55 367
55 380
56 182
56 196
56 253
57 166
58 339
58 342
59 62
59 153
59 209
59 328
60 51
60 97
60 277
60 320
61 254
62 59
62 380
63 197
63 208
63 228
63 266
63 273
64 362
65 266
65 272
65 378
66 210
66 342
67 262
67 308
69 136
69 318
70 22
70 155
70 348
73 18
73 83
74 185
74 273
74 359
75 37
75 144
75 182
76 20
76 22
76 153
76 255
77 116
77 121
77 177
77 283
78 28
78 147
79 144
79 209
79 336
80 87
80 88
80 257
82 41
82 282
83 73
83 160
83 241
84 175
85 47
85 139
87 80
88 80
89 148
89 259
90 179
90 328
90 329
91 173
92 370
93 111
93 214
93 316
94 148
94 321
94 365
95 51
95 362
96 112
96 275
97 60
97 218
98 342
99 372
100 136
100 246
100 293
101 109
102 356
103 293
103 302
104 5
104 30
104 36
105 45
105 159
105 195
105 251
106 31
106 48
106 190
106 296
106 314
107 128
107 209
108 314
108 377
108 384
109 36
109 101
109 277
110 44
110 123
110 165
110 167
110 194
110 293
111 93
111 143
111 280
112 96
112 124
112 160
113 133
113 154
113 297
113 371
114 317
116 77
117 256
118 206
118 243
119 277
119 292
120 145
120 273
120 280
120 293
120 309
120 378
121 77
121 272
122 247
122 296
123 110
123 293
123 384
123 390
124 112
124 312
125 131
126 17
126 213
126 221
126 270
127 195
127 325
128 37
128 107
128 166
128 168
128 296
129 194
129 219
130 159
130 218
131 5
131 125
131 171
132 229
132 325
133 113
133 391
135 2
136 69
136 100
136 298
137 24
137 200
138 159
138 239
139 43
139 48
139 85
140 198
140 356
141 39
141 49
141 183
142 192
143 111
144 75
144 79
144 174
145 55
145 120
145 168
145 341
145 365
146 220
146 244
146 361
147 78
147 152
147 163
147 238
147 379
148 27
148 89
148 94
150 198
151 182
151 301
152 147
152 386
153 59
153 76
154 113
154 209
155 45
155 70
155 177
155 345
155 377
156 191
157 0
158 235
159 105
159 130
159 138
160 37
160 83
160 112
160 353
161 386
162 375
163 0
163 8
163 147
163 284
164 354
165 110
166 57
166 128
166 252
166 287
167 110
168 14
168 128
168 145
169 33
169 268
171 131
172 199
172 396
173 91
173 199
174 144
174 189
174 328
175 84
176 323
177 77
177 155
177 306
179 90
179 259
180 270
180 336
181 259
181 261
182 56
182 75
182 151
182 332
182 365
183 141
183 240
184 13
185 74
185 198
185 223
186 37
188 0
189 174
190 106
190 397
191 156
191 282
191 351
192 22
192 142
194 110
194 129
194 217
195 105
195 127
195 209
196 56
197 63
197 383
198 140
198 150
198 185
198 268
198 345
199 172
199 173
199 255
199 372
200 137
201 231
201 346
202 279
203 377
203 381
204 246
204 306
205 377
206 118
206 229
206 248
206 288
207 337
207 367
208 63
208 386
208 388
209 59
209 79
209 107
209 154
209 195
210 18
210 66
210 274
211 289
211 334
213 126
213 248
213 264
213 325
213 366
213 385
214 48
214 93
214 231
216 26
217 194
217 232
217 301
217 354
218 97
218 130
219 129
220 46
220 146
220 305
221 126
221 242
222 278
223 50
223 185
223 375
224 352
224 396
228 63
229 26
229 132
229 206
230 384
231 201
231 214
232 217
232 240
233 268
234 362
235 158
235 368
237 41
237 251
238 45
238 147
239 138
239 378
240 183
240 232
240 312
240 397
241 83
241 347
241 359
242 9
242 221
243 11
243 33
243 118
244 146
246 100
246 204
247 122
247 296
248 8
248 206
248 213
250 360
251 10
251 13
251 105
251 237
252 166
252 325
252 355
253 46
253 56
254 61
255 41
255 76
255 199
256 40
256 117
257 80
257 346
257 370
259 89
259 179
259 181
259 335
259 366
260 352
261 35
261 181
261 385
262 51
262 67
263 359
263 386
264 14
264 213
264 293
264 369
266 63
266 65
267 271
267 297
268 169
268 198
268 233
270 126
270 180
270 272
271 18
271 267
272 65
272 121
272 270
272 313
273 63
273 74
273 120
274 210
275 96
275 327
276 303
277 39
277 60
277 109
277 119
278 222
279 35
279 202
280 111
280 120
281 289
282 82
282 191
282 388
283 77
284 163
284 325
284 367
285 324
285 339
286 322
287 166
288 206
289 15
289 211
289 281
289 361
292 119
293 13
293 100
293 103
293 110
293 120
293 123
293 264
294 346
294 355
296 106
296 122
296 128
296 247
296 394
297 113
297 267
298 38
298 136
300 10
301 151
301 217
302 103
302 373
303 276
304 3
305 220
305 310
306 177
306 204
308 67
309 120
309 333
309 391
310 305
310 373
311 382
312 37
312 124
312 240
313 47
313 272
313 373
313 374
314 106
314 108
314 349
315 353
316 93
317 114
317 331
318 69
319 351
319 387
320 60
320 387
321 2
321 94
322 32
322 51
322 286
323 176
324 285
325 127
325 132
325 213
325 252
325 284
327 275
328 43
328 59
328 90
328 174
329 24
329 90
330 397
331 8
331 30
331 317
331 385
332 182
332 353
333 309
334 211
335 259
336 79
336 180
337 207
339 58
339 285
339 357
339 392
341 41
341 145
342 15
342 58
342 66
342 98
345 155
345 198
346 5
346 53
346 201
346 257
346 294
347 241
348 5
348 70
349 314
350 352
351 47
351 191
351 319
351 373
352 224
352 260
352 350
352 397
353 160
353 315
353 332
354 164
354 217
354 390
355 252
355 294
356 102
356 140
357 9
357 49
357 339
359 74
359 241
359 263
360 250
360 363
361 146
361 289
362 64
362 95
362 234
363 360
364 37
365 94
365 145
365 182
366 213
366 259
367 55
367 207
367 284
367 381
368 235
369 264
370 92
370 257
371 21
371 113
372 14
372 99
372 199
373 302
373 310
373 313
373 351
374 313
375 162
375 223
375 398
376 1
377 4
377 108
377 155
377 203
377 205
378 14
378 65
378 120
378 239
379 147
380 55
380 62
381 203
381 367
382 311
383 5
383 197
384 108
384 123
384 230
385 6
385 213
385 261
385 331
386 42
386 152
386 161
386 208
386 263
387 319
387 320
388 208
388 282
389 11
390 123
390 354
391 133
391 309
392 339
394 296
395 26
396 19
396 172
396 224
397 190
397 240
397 330
397 352
398 375
