400
0 0 922
0 12 0
0 104 0
0 117 0
0 178 0
0 189 0
0 307 0
0 309 0
0 315 0
1 1 137
1 7 0
1 118 0
1 144 0
1 209 0
1 215 0
1 234 0
1 235 0
1 247 0
1 261 0
1 336 0
2 2 1903
2 126 0
2 152 0
2 216 0
2 270 0
2 323 0
2 361 0
3 3 49
3 34 0
3 105 0
3 125 0
3 198 0
3 205 0
3 229 0
3 315 0
3 325 0
3 338 0
3 350 0
3 351 0
4 4 1459
4 71 0
4 72 0
4 73 0
4 88 0
4 89 0
4 202 0
4 226 0
4 309 0
4 361 0
5 5 976
5 43 0
5 364 0
5 371 0
6 6 618
6 41 0
6 92 0
6 101 0
6 137 0
6 212 0
6 233 0
6 244 0
7 1 0
7 7 243
7 10 0
7 54 0
7 67 0
7 190 0
7 192 0
7 197 0
7 241 0
7 247 0
7 288 0
7 312 0
8 8 287
8 42 0
8 115 0
8 117 0
8 134 0
8 146 0
8 149 0
8 167 0
8 175 0
8 213 0
8 227 0
8 319 0
8 322 0
8 350 0
9 9 780
9 25 0
9 168 0
9 174 0
9 176 0
9 249 0
9 352 0
10 7 0
10 10 1561
10 29 0
10 51 0
10 57 0
10 61 0
10 70 0
10 79 0
10 124 0
10 125 0
10 149 0
10 271 0
10 272 0
10 317 0
11 11 961
11 31 0
11 151 0
11 166 0
11 174 0
11 219 0
11 255 0
11 263 0
11 313 0
11 367 0
11 385 0
12 0 0
12 12 1102
12 48 0
12 132 0
12 212 0
12 269 0
12 278 0
12 289 0
13 13 347
13 39 0
13 54 0
13 154 0
13 187 0
13 215 0
13 283 0
13 284 0
13 312 0
14 14 1493
14 17 0
14 57 0
14 91 0
14 101 0
14 113 0
14 152 0
14 153 0
14 168 0
14 169 0
14 274 0
14 306 0
14 362 0
14 379 0
15 15 1265
15 27 0
15 120 0
15 178 0
15 189 0
15 248 0
15 272 0
15 292 0
15 357 0
15 374 0
15 384 0
16 16 1986
16 84 0
16 89 0
16 124 0
16 125 0
16 131 0
16 207 0
16 296 0
16 354 0
17 14 0
17 17 1272
17 26 0
17 69 0
17 112 0
17 153 0
17 179 0
17 275 0
17 323 0
17 355 0
17 395 0
18 18 848
18 106 0
18 107 0
18 199 0
18 207 0
18 255 0
18 347 0
18 350 0
19 19 1627
19 57 0
19 59 0
19 69 0
19 99 0
19 136 0
19 190 0
19 242 0
19 331 0
19 378 0
19 380 0
20 20 858
20 26 0
20 143 0
20 146 0
20 252 0
21 21 1690
21 56 0
21 195 0
21 365 0
21 367 0
21 376 0
21 382 0
22 22 1022
22 29 0
22 49 0
22 167 0
22 201 0
22 231 0
22 251 0
22 261 0
22 284 0
22 294 0
22 306 0
22 327 0
23 23 336
23 27 0
23 132 0
23 137 0
23 153 0
23 382 0
23 383 0
23 391 0
24 24 380
24 28 0
24 131 0
24 151 0
24 162 0
24 202 0
24 241 0
24 274 0
25 9 0
25 25 589
25 68 0
25 246 0
25 252 0
25 287 0
25 300 0
25 391 0
26 17 0
26 20 0
26 26 1873
26 73 0
26 172 0
26 252 0
26 267 0
26 297 0
26 364 0
26 393 0
27 15 0
27 23 0
27 27 1559
27 53 0
27 95 0
27 113 0
27 114 0
27 205 0
27 272 0
27 290 0
27 341 0
27 371 0
27 379 0
28 24 0
28 28 607
28 67 0
28 80 0
28 82 0
28 119 0
28 180 0
28 263 0
28 317 0
28 356 0
28 363 0
29 10 0
29 22 0
29 29 593
29 128 0
29 159 0
29 173 0
29 181 0
29 221 0
29 238 0
29 284 0
29 349 0
29 369 0
30 30 966
30 57 0
30 249 0
30 313 0
30 358 0
30 367 0
31 11 0
31 31 1762
31 32 0
31 37 0
31 55 0
31 123 0
31 220 0
31 224 0
31 291 0
31 397 0
32 31 0
32 32 424
32 49 0
32 113 0
32 330 0
32 373 0
33 33 1016
33 68 0
33 73 0
33 75 0
33 97 0
33 117 0
33 169 0
33 213 0
33 359 0
33 394 0
34 3 0
34 34 720
34 36 0
34 58 0
34 72 0
34 113 0
34 137 0
34 319 0
35 35 378
35 125 0
35 182 0
35 208 0
35 329 0
36 34 0
36 36 1836
36 48 0
36 111 0
36 193 0
36 237 0
36 325 0
36 335 0
37 31 0
37 37 138
37 240 0
38 38 59
38 82 0
38 105 0
38 122 0
38 127 0
38 190 0
38 193 0
38 231 0
38 247 0
38 252 0
38 313 0
38 315 0
38 334 0
39 13 0
39 39 557
39 129 0
39 196 0
39 213 0
39 280 0
39 307 0
39 333 0
39 353 0
40 40 101
40 47 0
40 92 0
40 121 0
40 173 0
40 181 0
40 309 0
40 323 0
40 326 0
40 382 0
40 384 0
41 6 0
41 41 552
41 52 0
41 92 0
41 246 0
41 259 0
41 387 0
42 8 0
42 42 1142
42 46 0
42 58 0
42 70 0
42 93 0
42 107 0
42 120 0
42 168 0
42 181 0
42 218 0
42 319 0
43 5 0
43 43 962
43 44 0
43 102 0
43 107 0
43 113 0
43 116 0
43 228 0
43 244 0
43 305 0
43 325 0
43 331 0
43 354 0
44 43 0
44 44 392
44 82 0
44 113 0
44 123 0
44 141 0
44 149 0
44 162 0
44 236 0
44 280 0
44 284 0
44 301 0
44 332 0
45 45 518
45 66 0
45 135 0
45 140 0
45 151 0
45 165 0
45 221 0
45 246 0
45 264 0
45 304 0
45 325 0
45 354 0
46 42 0
46 46 1401
46 108 0
46 136 0
46 184 0
46 205 0
46 221 0
46 272 0
46 311 0
46 399 0
47 40 0
47 47 708
47 92 0
47 96 0
47 187 0
47 286 0
47 307 0
47 383 0
48 12 0
48 36 0
48 48 962
48 94 0
48 130 0
48 269 0
48 277 0
48 295 0
48 329 0
49 22 0
49 32 0
49 49 1014
49 83 0
49 139 0
49 202 0
49 227 0
49 380 0
50 50 452
50 66 0
50 95 0
50 102 0
50 108 0
50 129 0
50 240 0
50 245 0
50 296 0
50 304 0
51 10 0
51 51 787
51 265 0
52 41 0
52 52 1434
52 69 0
52 75 0
52 257 0
52 266 0
52 283 0
52 284 0
52 376 0
53 27 0
53 53 1385
53 65 0
53 75 0
53 119 0
53 205 0
53 230 0
53 243 0
53 257 0
53 291 0
53 303 0
53 362 0
53 388 0
53 393 0
54 7 0
54 13 0
54 54 728
54 78 0
54 126 0
54 138 0
54 147 0
54 197 0
54 201 0
54 210 0
54 301 0
54 334 0
54 367 0
55 31 0
55 55 1875
55 167 0
55 255 0
55 327 0
55 343 0
56 21 0
56 56 782
56 171 0
56 174 0
56 344 0
57 10 0
57 14 0
57 19 0
57 30 0
57 57 1082
57 202 0
57 269 0
57 360 0
58 34 0
58 42 0
58 58 1211
58 180 0
58 289 0
58 314 0
58 316 0
58 354 0
58 360 0
58 362 0
59 19 0
59 59 581
59 98 0
59 112 0
59 175 0
59 247 0
59 279 0
60 60 1477
60 118 0
60 165 0
60 201 0
60 237 0
61 10 0
61 61 1797
61 297 0
61 368 0
62 62 626
62 132 0
62 137 0
62 178 0
62 192 0
62 339 0
62 373 0
63 63 522
63 145 0
63 148 0
63 166 0
63 254 0
63 271 0
63 272 0
63 319 0
63 337 0
63 391 0
63 393 0
64 64 1334
64 91 0
64 94 0
64 183 0
64 213 0
64 310 0
64 384 0
64 385 0
65 53 0
65 65 902
65 93 0
65 132 0
65 170 0
65 186 0
65 220 0
65 226 0
65 243 0
65 261 0
65 291 0
66 45 0
66 50 0
66 66 4
66 102 0
66 164 0
66 243 0
66 319 0
66 331 0
66 367 0
67 7 0
67 28 0
67 67 1708
67 130 0
67 157 0
67 306 0
67 342 0
67 385 0
67 397 0
68 25 0
68 33 0
68 68 143
68 87 0
68 88 0
68 89 0
68 119 0
68 132 0
68 237 0
68 281 0
68 286 0
68 331 0
68 337 0
69 17 0
69 19 0
69 52 0
69 69 444
69 97 0
69 200 0
69 223 0
69 240 0
69 269 0
69 270 0
69 368 0
70 10 0
70 42 0
70 70 1278
70 308 0
70 318 0
71 4 0
71 71 843
71 133 0
71 195 0
71 199 0
71 225 0
71 267 0
72 4 0
72 34 0
72 72 1689
72 185 0
72 234 0
72 296 0
72 343 0
73 4 0
73 26 0
73 33 0
73 73 652
73 95 0
73 211 0
73 213 0
73 257 0
73 390 0
74 74 1389
74 165 0
74 354 0
74 366 0
75 33 0
75 52 0
75 53 0
75 75 316
75 131 0
75 141 0
75 175 0
75 288 0
75 289 0
75 292 0
75 302 0
75 327 0
75 332 0
76 76 440
76 78 0
76 150 0
76 163 0
76 200 0
76 232 0
76 323 0
76 345 0
77 77 1541
77 163 0
77 173 0
77 187 0
77 199 0
77 273 0
77 277 0
77 302 0
77 337 0
78 54 0
78 76 0
78 78 373
78 200 0
78 235 0
78 271 0
78 286 0
78 334 0
79 10 0
79 79 1359
79 123 0
79 127 0
79 131 0
79 259 0
79 295 0
79 331 0
79 336 0
79 358 0
80 28 0
80 80 130
80 110 0
80 176 0
80 200 0
80 208 0
80 324 0
80 392 0
81 81 861
81 192 0
81 224 0
81 237 0
81 253 0
81 315 0
81 322 0
81 379 0
81 393 0
82 28 0
82 38 0
82 44 0
82 82 1601
82 112 0
82 116 0
82 129 0
82 182 0
82 236 0
82 241 0
82 246 0
82 287 0
82 296 0
82 396 0
83 49 0
83 83 1053
83 122 0
83 181 0
83 217 0
83 241 0
83 255 0
83 320 0
83 329 0
84 16 0
84 84 675
84 113 0
84 136 0
84 164 0
84 196 0
84 203 0
84 249 0
84 354 0
85 85 1250
85 95 0
85 100 0
85 126 0
85 237 0
85 253 0
85 272 0
85 322 0
85 339 0
85 342 0
86 86 256
86 105 0
86 132 0
86 163 0
86 206 0
86 220 0
86 269 0
86 290 0
86 309 0
86 334 0
86 358 0
87 68 0
87 87 632
87 103 0
87 176 0
87 283 0
87 286 0
87 290 0
87 335 0
87 357 0
88 4 0
88 68 0
88 88 1179
88 193 0
88 235 0
88 260 0
88 267 0
88 274 0
88 345 0
88 373 0
89 4 0
89 16 0
89 68 0
89 89 1471
89 129 0
89 133 0
89 205 0
89 236 0
90 90 1981
90 179 0
90 210 0
90 215 0
90 313 0
90 337 0
90 367 0
90 379 0
91 14 0
91 64 0
91 91 855
91 100 0
91 141 0
91 209 0
91 213 0
91 265 0
91 281 0
91 302 0
91 360 0
92 6 0
92 40 0
92 41 0
92 47 0
92 92 725
92 132 0
92 177 0
92 195 0
92 229 0
92 267 0
93 42 0
93 65 0
93 93 309
93 103 0
93 117 0
93 128 0
93 178 0
93 195 0
94 48 0
94 64 0
94 94 1307
94 174 0
94 230 0
94 265 0
95 27 0
95 50 0
95 73 0
95 85 0
95 95 410
95 139 0
95 218 0
95 230 0
96 47 0
96 96 1266
96 130 0
96 142 0
96 198 0
96 311 0
96 364 0
96 371 0
97 33 0
97 69 0
97 97 902
97 284 0
97 302 0
97 341 0
98 59 0
98 98 1609
98 171 0
98 287 0
98 288 0
98 343 0
98 372 0
99 19 0
99 99 1616
99 159 0
99 188 0
99 230 0
99 326 0
99 330 0
99 332 0
99 385 0
99 396 0
100 85 0
100 91 0
100 100 820
100 113 0
100 125 0
100 151 0
100 269 0
100 289 0
100 343 0
100 369 0
100 392 0
101 6 0
101 14 0
101 101 323
101 162 0
101 219 0
101 392 0
102 43 0
102 50 0
102 66 0
102 102 773
102 110 0
102 129 0
102 150 0
102 186 0
102 208 0
102 265 0
102 268 0
102 311 0
103 87 0
103 93 0
103 103 796
103 272 0
103 278 0
103 326 0
103 329 0
103 337 0
103 370 0
104 0 0
104 104 996
104 260 0
104 370 0
105 3 0
105 38 0
105 86 0
105 105 269
105 198 0
105 299 0
105 333 0
105 357 0
105 359 0
106 18 0
106 106 631
106 133 0
106 216 0
106 272 0
106 339 0
107 18 0
107 42 0
107 43 0
107 107 1015
107 161 0
107 162 0
107 259 0
107 348 0
107 395 0
107 398 0
108 46 0
108 50 0
108 108 807
108 121 0
108 206 0
108 222 0
108 340 0
108 356 0
108 392 0
109 109 286
109 368 0
109 388 0
110 80 0
110 102 0
110 110 1760
110 219 0
110 248 0
110 295 0
110 335 0
110 387 0
111 36 0
111 111 363
111 159 0
111 183 0
111 222 0
111 226 0
111 227 0
111 279 0
112 17 0
112 59 0
112 82 0
112 112 177
112 230 0
112 354 0
113 14 0
113 27 0
113 32 0
113 34 0
113 43 0
113 44 0
113 84 0
113 100 0
113 113 1023
113 155 0
113 156 0
113 266 0
113 273 0
113 305 0
114 27 0
114 114 19
114 127 0
114 159 0
114 228 0
114 235 0
114 323 0
114 352 0
114 392 0
115 8 0
115 115 236
115 270 0
115 349 0
115 360 0
116 43 0
116 82 0
116 116 1161
116 131 0
116 140 0
116 141 0
116 162 0
116 179 0
116 201 0
116 212 0
116 391 0
117 0 0
117 8 0
117 33 0
117 93 0
117 117 270
117 124 0
117 209 0
117 211 0
117 291 0
117 314 0
117 335 0
118 1 0
118 60 0
118 118 1389
118 197 0
118 220 0
118 265 0
118 273 0
118 280 0
118 291 0
118 329 0
118 336 0
118 369 0
119 28 0
119 53 0
119 68 0
119 119 1056
119 158 0
119 184 0
119 219 0
119 236 0
119 285 0
119 356 0
120 15 0
120 42 0
120 120 1983
120 126 0
120 159 0
120 293 0
120 332 0
120 345 0
120 377 0
121 40 0
121 108 0
121 121 1892
121 153 0
121 207 0
121 211 0
121 292 0
122 38 0
122 83 0
122 122 69
122 169 0
122 322 0
122 392 0
123 31 0
123 44 0
123 79 0
123 123 1732
123 147 0
123 151 0
123 166 0
123 293 0
124 10 0
124 16 0
124 117 0
124 124 1677
124 160 0
124 166 0
124 198 0
124 215 0
124 252 0
125 3 0
125 10 0
125 16 0
125 35 0
125 100 0
125 125 335
125 133 0
125 142 0
125 154 0
125 256 0
125 315 0
125 340 0
126 2 0
126 54 0
126 85 0
126 120 0
126 126 179
126 157 0
126 191 0
126 215 0
126 235 0
126 262 0
126 268 0
126 301 0
126 377 0
127 38 0
127 79 0
127 114 0
127 127 69
127 139 0
127 246 0
127 249 0
127 338 0
127 339 0
127 346 0
127 348 0
128 29 0
128 93 0
128 128 974
128 199 0
128 316 0
128 384 0
129 39 0
129 50 0
129 82 0
129 89 0
129 102 0
129 129 801
129 139 0
129 164 0
129 214 0
129 232 0
129 259 0
129 293 0
129 333 0
130 48 0
130 67 0
130 96 0
130 130 1476
130 136 0
130 272 0
130 279 0
130 392 0
131 16 0
131 24 0
131 75 0
131 79 0
131 116 0
131 131 1321
131 179 0
131 182 0
131 279 0
131 283 0
131 320 0
131 322 0
131 335 0
131 340 0
131 350 0
132 12 0
132 23 0
132 62 0
132 65 0
132 68 0
132 86 0
132 92 0
132 132 1433
132 144 0
132 167 0
132 185 0
132 187 0
132 311 0
132 367 0
133 71 0
133 89 0
133 106 0
133 125 0
133 133 453
133 165 0
133 191 0
133 321 0
133 365 0
134 8 0
134 134 265
134 170 0
134 238 0
134 293 0
134 330 0
134 352 0
135 45 0
135 135 1913
135 148 0
135 181 0
135 182 0
135 211 0
135 227 0
135 250 0
135 261 0
135 265 0
135 344 0
135 373 0
136 19 0
136 46 0
136 84 0
136 130 0
136 136 220
136 163 0
136 173 0
136 231 0
136 250 0
136 278 0
136 282 0
136 330 0
136 337 0
136 379 0
137 6 0
137 23 0
137 34 0
137 62 0
137 137 1549
137 187 0
137 207 0
137 308 0
137 343 0
137 387 0
138 54 0
138 138 1136
138 313 0
138 321 0
138 331 0
138 332 0
138 356 0
139 49 0
139 95 0
139 127 0
139 129 0
139 139 1953
139 176 0
139 179 0
139 315 0
139 345 0
139 375 0
140 45 0
140 116 0
140 140 1901
140 168 0
140 186 0
140 213 0
140 234 0
140 248 0
140 273 0
140 367 0
140 385 0
141 44 0
141 75 0
141 91 0
141 116 0
141 141 340
141 157 0
141 320 0
141 343 0
141 379 0
141 381 0
142 96 0
142 125 0
142 142 1006
142 157 0
142 191 0
142 240 0
142 316 0
142 394 0
143 20 0
143 143 1276
143 233 0
143 333 0
143 350 0
144 1 0
144 132 0
144 144 554
144 247 0
144 250 0
144 263 0
144 333 0
144 343 0
144 391 0
145 63 0
145 145 315
145 226 0
145 265 0
145 272 0
145 294 0
145 388 0
146 8 0
146 20 0
146 146 843
146 149 0
146 207 0
146 308 0
147 54 0
147 123 0
147 147 364
147 195 0
147 249 0
147 258 0
147 277 0
147 322 0
147 328 0
147 334 0
147 366 0
148 63 0
148 135 0
148 148 1440
148 149 0
148 242 0
148 291 0
148 378 0
148 381 0
149 8 0
149 10 0
149 44 0
149 146 0
149 148 0
149 149 513
149 323 0
149 345 0
149 365 0
149 371 0
150 76 0
150 102 0
150 150 321
150 205 0
150 217 0
150 247 0
150 284 0
150 388 0
151 11 0
151 24 0
151 45 0
151 100 0
151 123 0
151 151 1785
151 176 0
151 183 0
151 238 0
151 239 0
151 305 0
151 334 0
151 368 0
152 2 0
152 14 0
152 152 341
152 156 0
152 162 0
152 172 0
152 229 0
152 248 0
152 274 0
153 14 0
153 17 0
153 23 0
153 121 0
153 153 449
153 161 0
153 167 0
153 213 0
153 237 0
153 254 0
153 256 0
153 266 0
153 301 0
153 341 0
154 13 0
154 125 0
154 154 898
154 205 0
154 216 0
154 335 0
154 339 0
155 113 0
155 155 1607
155 159 0
155 238 0
155 239 0
155 274 0
155 289 0
155 292 0
155 306 0
156 113 0
156 152 0
156 156 1888
156 220 0
157 67 0
157 126 0
157 141 0
157 142 0
157 157 481
157 324 0
157 331 0
157 335 0
158 119 0
158 158 658
158 183 0
158 188 0
158 205 0
158 244 0
158 265 0
158 278 0
159 29 0
159 99 0
159 111 0
159 114 0
159 120 0
159 155 0
159 159 1080
159 183 0
159 220 0
159 320 0
159 395 0
160 124 0
160 160 1997
160 187 0
160 240 0
160 306 0
160 332 0
161 107 0
161 153 0
161 161 1374
161 164 0
161 185 0
161 225 0
161 229 0
161 311 0
162 24 0
162 44 0
162 101 0
162 107 0
162 116 0
162 152 0
162 162 1442
162 204 0
162 252 0
162 340 0
163 76 0
163 77 0
163 86 0
163 136 0
163 163 1684
163 197 0
163 366 0
163 367 0
164 66 0
164 84 0
164 129 0
164 161 0
164 164 858
165 45 0
165 60 0
165 74 0
165 133 0
165 165 1910
165 206 0
165 228 0
165 320 0
165 360 0
165 362 0
165 370 0
166 11 0
166 63 0
166 123 0
166 124 0
166 166 896
166 245 0
166 260 0
166 264 0
166 292 0
166 366 0
166 373 0
167 8 0
167 22 0
167 55 0
167 132 0
167 153 0
167 167 796
167 181 0
167 202 0
167 297 0
167 342 0
167 359 0
168 9 0
168 14 0
168 42 0
168 140 0
168 168 786
168 249 0
169 14 0
169 33 0
169 122 0
169 169 1930
169 312 0
170 65 0
170 134 0
170 170 1308
170 217 0
170 371 0
170 379 0
170 393 0
171 56 0
171 98 0
171 171 1255
171 219 0
171 270 0
171 369 0
171 385 0
171 388 0
171 393 0
172 26 0
172 152 0
172 172 1069
172 200 0
172 223 0
172 284 0
172 396 0
173 29 0
173 40 0
173 77 0
173 136 0
173 173 182
173 251 0
173 277 0
173 287 0
173 289 0
173 295 0
173 364 0
174 9 0
174 11 0
174 56 0
174 94 0
174 174 865
174 248 0
175 8 0
175 59 0
175 75 0
175 175 747
175 231 0
175 261 0
175 281 0
176 9 0
176 80 0
176 87 0
176 139 0
176 151 0
176 176 1567
176 192 0
177 92 0
177 177 1944
177 197 0
177 210 0
177 212 0
177 270 0
178 0 0
178 15 0
178 62 0
178 93 0
178 178 1068
178 260 0
178 268 0
179 17 0
179 90 0
179 116 0
179 131 0
179 139 0
179 179 31
179 206 0
179 256 0
179 271 0
179 327 0
179 328 0
179 335 0
179 391 0
180 28 0
180 58 0
180 180 1999
180 227 0
180 245 0
180 325 0
180 381 0
181 29 0
181 40 0
181 42 0
181 83 0
181 135 0
181 167 0
181 181 95
181 288 0
181 302 0
182 35 0
182 82 0
182 131 0
182 135 0
182 182 671
182 235 0
182 241 0
182 281 0
182 334 0
183 64 0
183 111 0
183 151 0
183 158 0
183 159 0
183 183 34
183 252 0
183 287 0
183 352 0
183 361 0
184 46 0
184 119 0
184 184 1665
184 195 0
184 248 0
184 262 0
184 311 0
184 374 0
184 382 0
185 72 0
185 132 0
185 161 0
185 185 1205
185 310 0
185 344 0
185 353 0
185 384 0
186 65 0
186 102 0
186 140 0
186 186 1517
187 13 0
187 47 0
187 77 0
187 132 0
187 137 0
187 160 0
187 187 199
187 206 0
187 265 0
187 311 0
187 332 0
187 346 0
188 99 0
188 158 0
188 188 695
188 381 0
189 0 0
189 15 0
189 189 994
189 289 0
189 304 0
189 352 0
190 7 0
190 19 0
190 38 0
190 190 604
190 195 0
190 277 0
190 292 0
190 324 0
190 342 0
190 394 0
191 126 0
191 133 0
191 142 0
191 191 967
191 265 0
191 373 0
192 7 0
192 62 0
192 81 0
192 176 0
192 192 1231
192 222 0
192 231 0
192 322 0
192 345 0
193 36 0
193 38 0
193 88 0
193 193 1537
193 206 0
193 284 0
193 292 0
193 338 0
193 385 0
193 393 0
194 194 57
194 255 0
194 352 0
194 361 0
195 21 0
195 71 0
195 92 0
195 93 0
195 147 0
195 184 0
195 190 0
195 195 1684
195 198 0
195 230 0
195 316 0
195 325 0
195 340 0
195 367 0
195 387 0
196 39 0
196 84 0
196 196 1293
196 220 0
196 240 0
196 297 0
196 300 0
196 321 0
196 396 0
197 7 0
197 54 0
197 118 0
197 163 0
197 177 0
197 197 830
197 205 0
197 233 0
197 238 0
197 268 0
197 389 0
197 396 0
198 3 0
198 96 0
198 105 0
198 124 0
198 195 0
198 198 1484
198 218 0
198 231 0
198 375 0
198 378 0
198 384 0
199 18 0
199 71 0
199 77 0
199 128 0
199 199 1163
199 313 0
200 69 0
200 76 0
200 78 0
200 80 0
200 172 0
200 200 1989
200 215 0
200 285 0
200 292 0
201 22 0
201 54 0
201 60 0
201 116 0
201 201 544
201 348 0
201 358 0
201 381 0
201 389 0
202 4 0
202 24 0
202 49 0
202 57 0
202 167 0
202 202 731
202 233 0
202 236 0
202 249 0
202 388 0
202 398 0
203 84 0
203 203 361
203 214 0
203 236 0
204 162 0
204 204 1438
204 210 0
204 236 0
204 242 0
204 296 0
204 334 0
204 351 0
205 3 0
205 27 0
205 46 0
205 53 0
205 89 0
205 150 0
205 154 0
205 158 0
205 197 0
205 205 171
205 277 0
205 279 0
205 367 0
206 86 0
206 108 0
206 165 0
206 179 0
206 187 0
206 193 0
206 206 1007
206 281 0
206 304 0
206 368 0
207 16 0
207 18 0
207 121 0
207 137 0
207 146 0
207 207 1776
207 265 0
207 282 0
207 300 0
207 329 0
207 330 0
207 357 0
208 35 0
208 80 0
208 102 0
208 208 619
208 236 0
208 299 0
208 363 0
208 378 0
209 1 0
209 91 0
209 117 0
209 209 926
209 367 0
210 54 0
210 90 0
210 177 0
210 204 0
210 210 388
210 235 0
211 73 0
211 117 0
211 121 0
211 135 0
211 211 929
211 257 0
211 309 0
211 338 0
211 340 0
211 389 0
212 6 0
212 12 0
212 116 0
212 177 0
212 212 178
212 237 0
212 305 0
212 361 0
212 368 0
213 8 0
213 33 0
213 39 0
213 64 0
213 73 0
213 91 0
213 140 0
213 153 0
213 213 961
213 300 0
213 312 0
213 342 0
213 359 0
214 129 0
214 203 0
214 214 402
214 226 0
214 312 0
214 321 0
214 360 0
214 365 0
214 386 0
215 1 0
215 13 0
215 90 0
215 124 0
215 126 0
215 200 0
215 215 337
215 237 0
215 294 0
216 2 0
216 106 0
216 154 0
216 216 1480
216 248 0
216 260 0
216 278 0
216 352 0
216 377 0
217 83 0
217 150 0
217 170 0
217 217 1299
217 226 0
217 247 0
217 276 0
217 292 0
217 386 0
218 42 0
218 95 0
218 198 0
218 218 678
218 257 0
218 263 0
218 378 0
218 399 0
219 11 0
219 101 0
219 110 0
219 119 0
219 171 0
219 219 988
219 310 0
219 332 0
219 341 0
219 385 0
220 31 0
220 65 0
220 86 0
220 118 0
220 156 0
220 159 0
220 196 0
220 220 1475
220 324 0
220 358 0
220 379 0
221 29 0
221 45 0
221 46 0
221 221 371
221 290 0
222 108 0
222 111 0
222 192 0
222 222 1276
222 309 0
222 317 0
222 376 0
222 383 0
223 69 0
223 172 0
223 223 383
223 228 0
223 249 0
223 254 0
223 257 0
223 333 0
223 359 0
224 31 0
224 81 0
224 224 826
224 229 0
224 269 0
224 349 0
224 354 0
225 71 0
225 161 0
225 225 1456
225 266 0
225 330 0
225 346 0
226 4 0
226 65 0
226 111 0
226 145 0
226 214 0
226 217 0
226 226 1123
227 8 0
227 49 0
227 111 0
227 135 0
227 180 0
227 227 1413
227 303 0
227 323 0
227 378 0
227 379 0
228 43 0
228 114 0
228 165 0
228 223 0
228 228 1140
228 252 0
228 288 0
228 362 0
228 366 0
228 392 0
229 3 0
229 92 0
229 152 0
229 161 0
229 224 0
229 229 672
229 240 0
229 264 0
230 53 0
230 94 0
230 95 0
230 99 0
230 112 0
230 195 0
230 230 1786
230 249 0
230 323 0
230 332 0
230 362 0
230 395 0
231 22 0
231 38 0
231 136 0
231 175 0
231 192 0
231 198 0
231 231 745
231 243 0
231 246 0
231 306 0
231 348 0
232 76 0
232 129 0
232 232 1472
232 330 0
233 6 0
233 143 0
233 197 0
233 202 0
233 233 234
233 237 0
233 247 0
233 263 0
233 293 0
233 327 0
233 374 0
234 1 0
234 72 0
234 140 0
234 234 1862
234 311 0
234 357 0
235 1 0
235 78 0
235 88 0
235 114 0
235 126 0
235 182 0
235 210 0
235 235 179
235 241 0
235 248 0
235 263 0
235 267 0
235 323 0
235 377 0
236 44 0
236 82 0
236 89 0
236 119 0
236 202 0
236 203 0
236 204 0
236 208 0
236 236 709
236 275 0
236 380 0
236 399 0
237 36 0
237 60 0
237 68 0
237 81 0
237 85 0
237 153 0
237 212 0
237 215 0
237 233 0
237 237 1218
237 283 0
237 312 0
237 341 0
237 350 0
238 29 0
238 134 0
238 151 0
238 155 0
238 197 0
238 238 1697
238 312 0
238 322 0
238 325 0
239 151 0
239 155 0
239 239 1414
239 268 0
239 272 0
239 275 0
239 283 0
239 391 0
240 37 0
240 50 0
240 69 0
240 142 0
240 160 0
240 196 0
240 229 0
240 240 1897
240 255 0
240 283 0
240 318 0
240 345 0
241 7 0
241 24 0
241 82 0
241 83 0
241 182 0
241 235 0
241 241 1119
241 282 0
241 306 0
241 333 0
242 19 0
242 148 0
242 204 0
242 242 20
242 303 0
242 313 0
242 385 0
243 53 0
243 65 0
243 66 0
243 231 0
243 243 141
243 260 0
243 274 0
243 311 0
243 379 0
244 6 0
244 43 0
244 158 0
244 244 806
244 288 0
244 342 0
245 50 0
245 166 0
245 180 0
245 245 66
245 326 0
245 340 0
245 363 0
245 384 0
245 399 0
246 25 0
246 41 0
246 45 0
246 82 0
246 127 0
246 231 0
246 246 264
246 320 0
246 350 0
246 395 0
247 1 0
247 7 0
247 38 0
247 59 0
247 144 0
247 150 0
247 217 0
247 233 0
247 247 1080
247 302 0
247 352 0
248 15 0
248 110 0
248 140 0
248 152 0
248 174 0
248 184 0
248 216 0
248 235 0
248 248 818
248 271 0
248 290 0
248 297 0
248 314 0
248 343 0
249 9 0
249 30 0
249 84 0
249 127 0
249 147 0
249 168 0
249 202 0
249 223 0
249 230 0
249 249 658
249 263 0
249 278 0
249 311 0
249 316 0
249 326 0
250 135 0
250 136 0
250 144 0
250 250 210
250 320 0
251 22 0
251 173 0
251 251 1969
251 302 0
251 332 0
251 375 0
252 20 0
252 25 0
252 26 0
252 38 0
252 124 0
252 162 0
252 183 0
252 228 0
252 252 858
252 283 0
253 81 0
253 85 0
253 253 541
253 262 0
253 336 0
253 355 0
253 357 0
254 63 0
254 153 0
254 223 0
254 254 1733
254 358 0
254 395 0
255 11 0
255 18 0
255 55 0
255 83 0
255 194 0
255 240 0
255 255 1594
255 295 0
255 332 0
255 339 0
255 370 0
255 399 0
256 125 0
256 153 0
256 179 0
256 256 1134
256 261 0
256 350 0
256 352 0
256 359 0
257 52 0
257 53 0
257 73 0
257 211 0
257 218 0
257 223 0
257 257 160
257 264 0
257 331 0
257 348 0
257 353 0
258 147 0
258 258 1560
258 351 0
258 379 0
259 41 0
259 79 0
259 107 0
259 129 0
259 259 1408
259 303 0
259 305 0
260 88 0
260 104 0
260 166 0
260 178 0
260 216 0
260 243 0
260 260 1230
260 384 0
261 1 0
261 22 0
261 65 0
261 135 0
261 175 0
261 256 0
261 261 459
261 321 0
261 336 0
262 126 0
262 184 0
262 253 0
262 262 1222
262 266 0
263 11 0
263 28 0
263 144 0
263 218 0
263 233 0
263 235 0
263 249 0
263 263 973
263 269 0
263 372 0
264 45 0
264 166 0
264 229 0
264 257 0
264 264 299
264 310 0
264 332 0
264 360 0
264 373 0
265 51 0
265 91 0
265 94 0
265 102 0
265 118 0
265 135 0
265 145 0
265 158 0
265 187 0
265 191 0
265 207 0
265 265 381
265 386 0
265 396 0
266 52 0
266 113 0
266 153 0
266 225 0
266 262 0
266 266 1685
266 282 0
266 342 0
266 369 0
266 380 0
266 383 0
267 26 0
267 71 0
267 88 0
267 92 0
267 235 0
267 267 439
267 272 0
267 288 0
267 303 0
267 367 0
267 382 0
267 398 0
268 102 0
268 126 0
268 178 0
268 197 0
268 239 0
268 268 822
268 277 0
268 284 0
268 300 0
268 306 0
269 12 0
269 48 0
269 57 0
269 69 0
269 86 0
269 100 0
269 224 0
269 263 0
269 269 1803
269 274 0
269 300 0
269 319 0
269 372 0
270 2 0
270 69 0
270 115 0
270 171 0
270 177 0
270 270 1124
270 316 0
270 393 0
271 10 0
271 63 0
271 78 0
271 179 0
271 248 0
271 271 1843
271 273 0
271 332 0
271 345 0
272 10 0
272 15 0
272 27 0
272 46 0
272 63 0
272 85 0
272 103 0
272 106 0
272 130 0
272 145 0
272 239 0
272 267 0
272 272 916
272 281 0
272 306 0
272 344 0
272 389 0
273 77 0
273 113 0
273 118 0
273 140 0
273 271 0
273 273 240
273 274 0
273 281 0
273 367 0
273 392 0
274 14 0
274 24 0
274 88 0
274 152 0
274 155 0
274 243 0
274 269 0
274 273 0
274 274 1563
274 324 0
274 337 0
274 371 0
275 17 0
275 236 0
275 239 0
275 275 1841
275 279 0
275 312 0
275 382 0
275 392 0
276 217 0
276 276 1488
276 295 0
276 296 0
276 309 0
276 328 0
277 48 0
277 77 0
277 147 0
277 173 0
277 190 0
277 205 0
277 268 0
277 277 1870
277 394 0
277 398 0
278 12 0
278 103 0
278 136 0
278 158 0
278 216 0
278 249 0
278 278 216
278 335 0
279 59 0
279 111 0
279 130 0
279 131 0
279 205 0
279 275 0
279 279 501
279 313 0
279 321 0
279 336 0
279 384 0
279 386 0
280 39 0
280 44 0
280 118 0
280 280 467
280 304 0
280 324 0
280 331 0
280 350 0
281 68 0
281 91 0
281 175 0
281 182 0
281 206 0
281 272 0
281 273 0
281 281 308
281 340 0
281 372 0
281 396 0
281 397 0
282 136 0
282 207 0
282 241 0
282 266 0
282 282 650
282 350 0
283 13 0
283 52 0
283 87 0
283 131 0
283 237 0
283 239 0
283 240 0
283 252 0
283 283 483
283 325 0
283 328 0
283 378 0
284 13 0
284 22 0
284 29 0
284 44 0
284 52 0
284 97 0
284 150 0
284 172 0
284 193 0
284 268 0
284 284 1177
284 298 0
285 119 0
285 200 0
285 285 812
285 347 0
285 368 0
285 370 0
285 388 0
285 399 0
286 47 0
286 68 0
286 78 0
286 87 0
286 286 83
286 290 0
286 316 0
286 337 0
287 25 0
287 82 0
287 98 0
287 173 0
287 183 0
287 287 1718
288 7 0
288 75 0
288 98 0
288 181 0
288 228 0
288 244 0
288 267 0
288 288 179
289 12 0
289 58 0
289 75 0
289 100 0
289 155 0
289 173 0
289 189 0
289 289 1306
289 292 0
289 375 0
290 27 0
290 86 0
290 87 0
290 221 0
290 248 0
290 286 0
290 290 617
290 316 0
290 376 0
291 31 0
291 53 0
291 65 0
291 117 0
291 118 0
291 148 0
291 291 1051
291 318 0
291 319 0
292 15 0
292 75 0
292 121 0
292 155 0
292 166 0
292 190 0
292 193 0
292 200 0
292 217 0
292 289 0
292 292 943
292 358 0
292 387 0
293 120 0
293 123 0
293 129 0
293 134 0
293 233 0
293 293 1112
293 359 0
293 371 0
294 22 0
294 145 0
294 215 0
294 294 1339
294 306 0
294 353 0
295 48 0
295 79 0
295 110 0
295 173 0
295 255 0
295 276 0
295 295 644
295 340 0
295 344 0
295 350 0
295 379 0
296 16 0
296 50 0
296 72 0
296 82 0
296 204 0
296 276 0
296 296 1376
296 341 0
297 26 0
297 61 0
297 167 0
297 196 0
297 248 0
297 297 1333
297 314 0
297 325 0
297 338 0
297 361 0
298 284 0
298 298 95
298 379 0
298 385 0
299 105 0
299 208 0
299 299 489
299 306 0
299 347 0
300 25 0
300 196 0
300 207 0
300 213 0
300 268 0
300 269 0
300 300 217
300 301 0
300 322 0
300 389 0
300 392 0
301 44 0
301 54 0
301 126 0
301 153 0
301 300 0
301 301 1457
301 309 0
302 75 0
302 77 0
302 91 0
302 97 0
302 181 0
302 247 0
302 251 0
302 302 883
303 53 0
303 227 0
303 242 0
303 259 0
303 267 0
303 303 1280
304 45 0
304 50 0
304 189 0
304 206 0
304 280 0
304 304 636
305 43 0
305 113 0
305 151 0
305 212 0
305 259 0
305 305 978
306 14 0
306 22 0
306 67 0
306 155 0
306 160 0
306 231 0
306 241 0
306 268 0
306 272 0
306 294 0
306 299 0
306 306 746
306 332 0
306 335 0
307 0 0
307 39 0
307 47 0
307 307 1449
307 398 0
308 70 0
308 137 0
308 146 0
308 308 1820
308 324 0
309 0 0
309 4 0
309 40 0
309 86 0
309 211 0
309 222 0
309 276 0
309 301 0
309 309 1098
309 320 0
310 64 0
310 185 0
310 219 0
310 264 0
310 310 121
310 336 0
310 341 0
311 46 0
311 96 0
311 102 0
311 132 0
311 161 0
311 184 0
311 187 0
311 234 0
311 243 0
311 249 0
311 311 1042
311 373 0
312 7 0
312 13 0
312 169 0
312 213 0
312 214 0
312 237 0
312 238 0
312 275 0
312 312 1312
312 327 0
312 385 0
313 11 0
313 30 0
313 38 0
313 90 0
313 138 0
313 199 0
313 242 0
313 279 0
313 313 529
313 360 0
313 364 0
314 58 0
314 117 0
314 248 0
314 297 0
314 314 917
314 362 0
314 372 0
315 0 0
315 3 0
315 38 0
315 81 0
315 125 0
315 139 0
315 315 1207
316 58 0
316 128 0
316 142 0
316 195 0
316 249 0
316 270 0
316 286 0
316 290 0
316 316 1222
316 324 0
316 348 0
317 10 0
317 28 0
317 222 0
317 317 1554
317 324 0
317 388 0
318 70 0
318 240 0
318 291 0
318 318 843
318 354 0
318 365 0
319 8 0
319 34 0
319 42 0
319 63 0
319 66 0
319 269 0
319 291 0
319 319 334
319 383 0
320 83 0
320 131 0
320 141 0
320 159 0
320 165 0
320 246 0
320 250 0
320 309 0
320 320 1765
321 133 0
321 138 0
321 196 0
321 214 0
321 261 0
321 279 0
321 321 1874
321 378 0
322 8 0
322 81 0
322 85 0
322 122 0
322 131 0
322 147 0
322 192 0
322 238 0
322 300 0
322 322 975
322 324 0
322 342 0
322 356 0
322 362 0
322 372 0
323 2 0
323 17 0
323 40 0
323 76 0
323 114 0
323 149 0
323 227 0
323 230 0
323 235 0
323 323 28
323 334 0
323 343 0
324 80 0
324 157 0
324 190 0
324 220 0
324 274 0
324 280 0
324 308 0
324 316 0
324 317 0
324 322 0
324 324 1973
324 350 0
325 3 0
325 36 0
325 43 0
325 45 0
325 180 0
325 195 0
325 238 0
325 283 0
325 297 0
325 325 1166
325 326 0
326 40 0
326 99 0
326 103 0
326 245 0
326 249 0
326 325 0
326 326 1184
326 376 0
327 22 0
327 55 0
327 75 0
327 179 0
327 233 0
327 312 0
327 327 1421
327 330 0
327 361 0
328 147 0
328 179 0
328 276 0
328 283 0
328 328 894
328 334 0
329 35 0
329 48 0
329 83 0
329 103 0
329 118 0
329 207 0
329 329 1301
330 32 0
330 99 0
330 134 0
330 136 0
330 207 0
330 225 0
330 232 0
330 327 0
330 330 751
330 357 0
330 379 0
331 19 0
331 43 0
331 66 0
331 68 0
331 79 0
331 138 0
331 157 0
331 257 0
331 280 0
331 331 1659
331 360 0
332 44 0
332 75 0
332 99 0
332 120 0
332 138 0
332 160 0
332 187 0
332 219 0
332 230 0
332 251 0
332 255 0
332 264 0
332 271 0
332 306 0
332 332 1258
333 39 0
333 105 0
333 129 0
333 143 0
333 144 0
333 223 0
333 241 0
333 333 12
333 368 0
333 382 0
333 395 0
334 38 0
334 54 0
334 78 0
334 86 0
334 147 0
334 151 0
334 182 0
334 204 0
334 323 0
334 328 0
334 334 1328
334 348 0
334 370 0
335 36 0
335 87 0
335 110 0
335 117 0
335 131 0
335 154 0
335 157 0
335 179 0
335 278 0
335 306 0
335 335 195
336 1 0
336 79 0
336 118 0
336 253 0
336 261 0
336 279 0
336 310 0
336 336 926
336 358 0
336 359 0
337 63 0
337 68 0
337 77 0
337 90 0
337 103 0
337 136 0
337 274 0
337 286 0
337 337 191
337 351 0
337 396 0
338 3 0
338 127 0
338 193 0
338 211 0
338 297 0
338 338 1380
338 362 0
338 368 0
339 62 0
339 85 0
339 106 0
339 127 0
339 154 0
339 255 0
339 339 1878
339 372 0
340 108 0
340 125 0
340 131 0
340 162 0
340 195 0
340 211 0
340 245 0
340 281 0
340 295 0
340 340 558
340 358 0
340 382 0
341 27 0
341 97 0
341 153 0
341 219 0
341 237 0
341 296 0
341 310 0
341 341 1706
341 394 0
342 67 0
342 85 0
342 167 0
342 190 0
342 213 0
342 244 0
342 266 0
342 322 0
342 342 1245
342 388 0
342 399 0
343 55 0
343 72 0
343 98 0
343 100 0
343 137 0
343 141 0
343 144 0
343 248 0
343 323 0
343 343 1264
343 352 0
344 56 0
344 135 0
344 185 0
344 272 0
344 295 0
344 344 1333
344 368 0
345 76 0
345 88 0
345 120 0
345 139 0
345 149 0
345 192 0
345 240 0
345 271 0
345 345 1095
346 127 0
346 187 0
346 225 0
346 346 1995
346 348 0
347 18 0
347 285 0
347 299 0
347 347 980
347 360 0
347 369 0
347 391 0
348 107 0
348 127 0
348 201 0
348 231 0
348 257 0
348 316 0
348 334 0
348 346 0
348 348 1406
348 374 0
349 29 0
349 115 0
349 224 0
349 349 1943
350 3 0
350 8 0
350 18 0
350 131 0
350 143 0
350 237 0
350 246 0
350 256 0
350 280 0
350 282 0
350 295 0
350 324 0
350 350 536
350 355 0
350 358 0
351 3 0
351 204 0
351 258 0
351 337 0
351 351 637
351 391 0
351 399 0
352 9 0
352 114 0
352 134 0
352 183 0
352 189 0
352 194 0
352 216 0
352 247 0
352 256 0
352 343 0
352 352 1295
352 374 0
353 39 0
353 185 0
353 257 0
353 294 0
353 353 1478
353 362 0
354 16 0
354 43 0
354 45 0
354 58 0
354 74 0
354 84 0
354 112 0
354 224 0
354 318 0
354 354 107
354 373 0
355 17 0
355 253 0
355 350 0
355 355 797
355 393 0
356 28 0
356 108 0
356 119 0
356 138 0
356 322 0
356 356 303
356 393 0
357 15 0
357 87 0
357 105 0
357 207 0
357 234 0
357 253 0
357 330 0
357 357 1258
357 358 0
357 367 0
357 372 0
358 30 0
358 79 0
358 86 0
358 201 0
358 220 0
358 254 0
358 292 0
358 336 0
358 340 0
358 350 0
358 357 0
358 358 1002
359 33 0
359 105 0
359 167 0
359 213 0
359 223 0
359 256 0
359 293 0
359 336 0
359 359 1929
359 371 0
360 57 0
360 58 0
360 91 0
360 115 0
360 165 0
360 214 0
360 264 0
360 313 0
360 331 0
360 347 0
360 360 1297
361 2 0
361 4 0
361 183 0
361 194 0
361 212 0
361 297 0
361 327 0
361 361 723
361 374 0
362 14 0
362 53 0
362 58 0
362 165 0
362 228 0
362 230 0
362 314 0
362 322 0
362 338 0
362 353 0
362 362 1793
362 368 0
363 28 0
363 208 0
363 245 0
363 363 796
364 5 0
364 26 0
364 96 0
364 173 0
364 313 0
364 364 1758
364 397 0
365 21 0
365 133 0
365 149 0
365 214 0
365 318 0
365 365 31
366 74 0
366 147 0
366 163 0
366 166 0
366 228 0
366 366 1742
367 11 0
367 21 0
367 30 0
367 54 0
367 66 0
367 90 0
367 132 0
367 140 0
367 163 0
367 195 0
367 205 0
367 209 0
367 267 0
367 273 0
367 357 0
367 367 523
367 380 0
367 383 0
368 61 0
368 69 0
368 109 0
368 151 0
368 206 0
368 212 0
368 285 0
368 333 0
368 338 0
368 344 0
368 362 0
368 368 15
369 29 0
369 100 0
369 118 0
369 171 0
369 266 0
369 347 0
369 369 755
369 382 0
370 103 0
370 104 0
370 165 0
370 255 0
370 285 0
370 334 0
370 370 1160
371 5 0
371 27 0
371 96 0
371 149 0
371 170 0
371 274 0
371 293 0
371 359 0
371 371 133
372 98 0
372 263 0
372 269 0
372 281 0
372 314 0
372 322 0
372 339 0
372 357 0
372 372 1314
373 32 0
373 62 0
373 88 0
373 135 0
373 166 0
373 191 0
373 264 0
373 311 0
373 354 0
373 373 1701
374 15 0
374 184 0
374 233 0
374 348 0
374 352 0
374 361 0
374 374 687
375 139 0
375 198 0
375 251 0
375 289 0
375 375 389
376 21 0
376 52 0
376 222 0
376 290 0
376 326 0
376 376 198
376 398 0
377 120 0
377 126 0
377 216 0
377 235 0
377 377 1068
378 19 0
378 148 0
378 198 0
378 208 0
378 218 0
378 227 0
378 283 0
378 321 0
378 378 1738
378 385 0
378 397 0
379 14 0
379 27 0
379 81 0
379 90 0
379 136 0
379 141 0
379 170 0
379 220 0
379 227 0
379 243 0
379 258 0
379 295 0
379 298 0
379 330 0
379 379 988
380 19 0
380 49 0
380 236 0
380 266 0
380 367 0
380 380 1380
380 391 0
380 393 0
381 141 0
381 148 0
381 180 0
381 188 0
381 201 0
381 381 962
381 390 0
382 21 0
382 23 0
382 40 0
382 184 0
382 267 0
382 275 0
382 333 0
382 340 0
382 369 0
382 382 1380
383 23 0
383 47 0
383 222 0
383 266 0
383 319 0
383 367 0
383 383 1142
383 398 0
384 15 0
384 40 0
384 64 0
384 128 0
384 185 0
384 198 0
384 245 0
384 260 0
384 279 0
384 384 1143
385 11 0
385 64 0
385 67 0
385 99 0
385 140 0
385 171 0
385 193 0
385 219 0
385 242 0
385 298 0
385 312 0
385 378 0
385 385 1559
386 214 0
386 217 0
386 265 0
386 279 0
386 386 902
387 41 0
387 110 0
387 137 0
387 195 0
387 292 0
387 387 52
388 53 0
388 109 0
388 145 0
388 150 0
388 171 0
388 202 0
388 285 0
388 317 0
388 342 0
388 388 185
389 197 0
389 201 0
389 211 0
389 272 0
389 300 0
389 389 1043
390 73 0
390 381 0
390 390 1084
391 23 0
391 25 0
391 63 0
391 116 0
391 144 0
391 179 0
391 239 0
391 347 0
391 351 0
391 380 0
391 391 207
392 80 0
392 100 0
392 101 0
392 108 0
392 114 0
392 122 0
392 130 0
392 228 0
392 273 0
392 275 0
392 300 0
392 392 1585
393 26 0
393 53 0
393 63 0
393 81 0
393 170 0
393 171 0
393 193 0
393 270 0
393 355 0
393 356 0
393 380 0
393 393 1564
394 33 0
394 142 0
394 190 0
394 277 0
394 341 0
394 394 1033
395 17 0
395 107 0
395 159 0
395 230 0
395 246 0
395 254 0
395 333 0
395 395 1323
396 82 0
396 99 0
396 172 0
396 196 0
396 197 0
396 265 0
396 281 0
396 337 0
396 396 186
397 31 0
397 67 0
397 281 0
397 364 0
397 378 0
397 397 1984
398 107 0
398 202 0
398 267 0
398 277 0
398 307 0
398 376 0
398 383 0
398 398 968
399 46 0
399 218 0
399 236 0
399 245 0
399 255 0
399 285 0
399 342 0
399 351 0
399 399 1131
