400
0 0 8
0 20 0
0 33 0
0 114 0
0 149 0
0 270 0
0 306 0
0 307 0
0 382 0
1 1 433
1 173 0
1 206 0
1 219 0
1 328 0
2 2 384
2 248 0
2 255 0
2 346 0
3 3 575
3 237 0
3 326 0
4 4 808
4 38 0
4 48 0
4 136 0
4 171 0
4 197 0
5 5 452
5 36 0
5 86 0
5 132 0
5 140 0
6 6 477
6 297 0
6 305 0
7 7 82
7 26 0
7 239 0
7 398 0
8 8 305
8 201 0
8 263 0
9 9 984
9 10 0
9 81 0
9 109 0
9 116 0
9 178 0
9 189 0
9 357 0
9 392 0
10 9 0
10 10 683
10 34 0
10 145 0
10 227 0
10 242 0
10 360 0
11 11 946
11 180 0
11 188 0
12 12 278
12 97 0
12 105 0
12 267 0
12 275 0
12 394 0
13 13 491
13 16 0
13 55 0
13 72 0
13 184 0
13 254 0
13 256 0
13 299 0
13 313 0
14 14 874
14 27 0
14 94 0
14 157 0
14 296 0
14 377 0
15 15 401
15 17 0
15 91 0
15 165 0
15 211 0
15 336 0
15 372 0
16 13 0
16 16 485
16 51 0
16 91 0
16 112 0
16 138 0
16 173 0
16 218 0
16 318 0
17 15 0
17 17 133
17 36 0
17 42 0
17 167 0
17 186 0
17 200 0
17 323 0
18 18 297
18 53 0
19 19 695
19 270 0
20 0 0
20 20 479
20 106 0
20 114 0
20 132 0
20 247 0
20 286 0
20 329 0
21 21 886
21 217 0
21 329 0
21 385 0
22 22 953
22 127 0
22 166 0
22 325 0
23 23 208
23 31 0
23 154 0
23 276 0
23 339 0
23 361 0
23 363 0
23 399 0
24 24 387
24 162 0
24 281 0
24 395 0
25 25 201
25 105 0
25 227 0
25 300 0
25 349 0
26 7 0
26 26 228
26 72 0
27 14 0
27 27 854
27 61 0
27 197 0
27 203 0
27 302 0
28 28 412
28 54 0
28 191 0
28 202 0
29 29 684
29 63 0
29 292 0
29 320 0
29 332 0
30 30 533
31 23 0
31 31 715
31 115 0
31 171 0
31 190 0
32 32 835
32 229 0
33 0 0
33 33 318
33 68 0
33 75 0
33 254 0
33 293 0
34 10 0
34 34 634
34 46 0
34 58 0
34 63 0
34 172 0
34 185 0
34 248 0
34 275 0
35 35 843
35 59 0
35 118 0
36 5 0
36 17 0
36 36 818
36 302 0
36 344 0
37 37 874
37 80 0
37 143 0
37 181 0
37 241 0
38 4 0
38 38 317
38 74 0
38 117 0
38 157 0
38 158 0
38 167 0
38 315 0
38 357 0
38 383 0
39 39 202
39 100 0
39 161 0
39 251 0
39 261 0
40 40 294
40 118 0
40 138 0
40 181 0
40 297 0
40 320 0
41 41 232
41 243 0
41 263 0
41 337 0
42 17 0
42 42 279
42 101 0
42 179 0
42 197 0
42 198 0
42 274 0
42 341 0
42 358 0
43 43 865
43 64 0
43 107 0
43 109 0
43 216 0
43 364 0
44 44 893
44 93 0
44 121 0
44 186 0
44 203 0
44 248 0
44 311 0
44 349 0
45 45 28
45 90 0
45 138 0
45 172 0
45 264 0
45 288 0
46 34 0
46 46 320
46 154 0
46 204 0
47 47 466
47 78 0
47 86 0
47 105 0
47 229 0
47 313 0
48 4 0
48 48 142
48 231 0
48 342 0
49 49 810
49 167 0
49 234 0
49 289 0
49 374 0
50 50 16
50 78 0
51 16 0
51 51 978
51 169 0
51 284 0
52 52 406
52 167 0
53 18 0
53 53 705
53 188 0
53 377 0
54 28 0
54 54 436
54 138 0
54 251 0
54 261 0
54 305 0
55 13 0
55 55 480
56 56 598
56 78 0
56 93 0
56 168 0
56 251 0
57 57 437
57 77 0
57 288 0
57 339 0
58 34 0
58 58 375
58 102 0
58 237 0
58 286 0
58 373 0
59 35 0
59 59 764
59 86 0
59 297 0
59 397 0
60 60 625
60 393 0
61 27 0
61 61 966
61 240 0
61 272 0
61 355 0
62 62 527
62 69 0
62 170 0
62 283 0
62 301 0
63 29 0
63 34 0
63 63 32
63 86 0
63 272 0
64 43 0
64 64 523
64 181 0
65 65 687
65 156 0
65 251 0
65 264 0
66 66 354
66 161 0
66 169 0
66 245 0
66 250 0
66 323 0
66 391 0
67 67 20
67 91 0
68 33 0
68 68 532
68 202 0
68 230 0
68 289 0
68 349 0
68 359 0
68 362 0
69 62 0
69 69 255
69 205 0
69 298 0
69 383 0
70 70 96
70 119 0
70 134 0
70 191 0
71 71 332
71 154 0
71 160 0
71 256 0
72 13 0
72 26 0
72 72 102
72 124 0
72 158 0
72 160 0
72 226 0
72 262 0
72 297 0
72 341 0
73 73 970
73 128 0
73 367 0
73 375 0
74 38 0
74 74 145
74 83 0
74 89 0
74 94 0
74 105 0
74 106 0
74 348 0
74 375 0
75 33 0
75 75 356
75 102 0
75 139 0
75 229 0
75 237 0
75 286 0
75 333 0
75 358 0
76 76 689
76 119 0
76 206 0
76 257 0
76 304 0
77 57 0
77 77 717
77 119 0
77 281 0
78 47 0
78 50 0
78 56 0
78 78 677
78 192 0
78 199 0
78 340 0
78 375 0
79 79 247
79 130 0
79 160 0
79 366 0
80 37 0
80 80 758
80 84 0
80 215 0
80 280 0
80 324 0
81 9 0
81 81 854
81 103 0
81 259 0
82 82 539
82 280 0
82 333 0
83 74 0
83 83 334
83 221 0
83 229 0
84 80 0
84 84 798
85 85 847
85 147 0
86 5 0
86 47 0
86 59 0
86 63 0
86 86 192
86 178 0
86 204 0
86 250 0
86 253 0
86 381 0
86 389 0
87 87 708
87 155 0
87 285 0
87 306 0
88 88 969
88 141 0
88 220 0
88 221 0
88 248 0
88 262 0
88 264 0
88 280 0
88 306 0
88 313 0
89 74 0
89 89 186
89 95 0
89 323 0
90 45 0
90 90 715
90 283 0
91 15 0
91 16 0
91 67 0
91 91 456
91 336 0
92 92 827
92 131 0
92 239 0
92 251 0
92 339 0
92 370 0
93 44 0
93 56 0
93 93 684
93 226 0
93 322 0
94 14 0
94 74 0
94 94 813
94 197 0
94 305 0
94 319 0
95 89 0
95 95 816
95 187 0
95 302 0
96 96 792
96 253 0
96 398 0
97 12 0
97 97 169
97 106 0
97 222 0
97 245 0
98 98 302
98 181 0
98 268 0
98 332 0
99 99 918
99 150 0
99 237 0
100 39 0
100 100 648
100 148 0
100 164 0
100 299 0
100 336 0
101 42 0
101 101 653
101 111 0
101 152 0
101 241 0
101 284 0
101 355 0
101 387 0
102 58 0
102 75 0
102 102 386
102 201 0
102 217 0
102 299 0
103 81 0
103 103 331
103 160 0
103 216 0
103 228 0
103 350 0
103 392 0
104 104 252
104 206 0
104 236 0
104 260 0
104 371 0
105 12 0
105 25 0
105 47 0
105 74 0
105 105 151
105 153 0
105 359 0
106 20 0
106 74 0
106 97 0
106 106 500
106 278 0
106 307 0
106 340 0
107 43 0
107 107 935
108 108 153
108 115 0
108 205 0
108 254 0
108 300 0
108 349 0
109 9 0
109 43 0
109 109 649
109 112 0
109 250 0
110 110 307
110 205 0
110 219 0
110 234 0
111 101 0
111 111 604
111 274 0
111 320 0
111 371 0
111 379 0
112 16 0
112 109 0
112 112 932
112 155 0
112 333 0
113 113 951
113 261 0
114 0 0
114 20 0
114 114 279
114 145 0
114 218 0
114 311 0
115 31 0
115 108 0
115 115 473
115 119 0
115 127 0
115 311 0
116 9 0
116 116 117
116 136 0
117 38 0
117 117 109
117 389 0
118 35 0
118 40 0
118 118 137
118 131 0
118 226 0
118 374 0
119 70 0
119 76 0
119 77 0
119 115 0
119 119 555
119 171 0
119 299 0
120 120 163
120 137 0
121 44 0
121 121 618
121 298 0
121 308 0
121 328 0
121 387 0
122 122 956
122 124 0
122 164 0
122 199 0
122 280 0
123 123 481
123 144 0
123 213 0
123 326 0
124 72 0
124 122 0
124 124 516
124 182 0
125 125 891
125 129 0
125 217 0
125 235 0
126 126 533
126 176 0
126 212 0
127 22 0
127 115 0
127 127 903
127 182 0
127 236 0
127 370 0
128 73 0
128 128 328
128 154 0
128 225 0
128 395 0
129 125 0
129 129 759
129 210 0
129 334 0
129 382 0
130 79 0
130 130 810
130 169 0
130 249 0
130 270 0
130 283 0
130 332 0
131 92 0
131 118 0
131 131 744
131 264 0
131 320 0
132 5 0
132 20 0
132 132 391
132 302 0
132 304 0
133 133 530
133 185 0
133 244 0
133 269 0
133 274 0
134 70 0
134 134 893
134 155 0
134 258 0
135 135 170
135 177 0
135 213 0
135 308 0
135 317 0
136 4 0
136 116 0
136 136 288
137 120 0
137 137 66
137 217 0
137 322 0
138 16 0
138 40 0
138 45 0
138 54 0
138 138 888
138 203 0
138 242 0
139 75 0
139 139 883
139 292 0
140 5 0
140 140 781
140 281 0
140 284 0
141 88 0
141 141 815
141 306 0
141 339 0
142 142 741
142 149 0
142 150 0
143 37 0
143 143 765
143 152 0
143 233 0
143 305 0
144 123 0
144 144 27
144 172 0
144 186 0
145 10 0
145 114 0
145 145 355
145 194 0
145 228 0
146 146 331
146 162 0
146 191 0
146 210 0
146 212 0
146 245 0
146 356 0
146 361 0
147 85 0
147 147 247
147 370 0
148 100 0
148 148 752
148 170 0
148 192 0
148 225 0
148 250 0
148 319 0
148 372 0
149 0 0
149 142 0
149 149 392
149 154 0
149 192 0
149 311 0
150 99 0
150 142 0
150 150 262
150 317 0
151 151 406
151 252 0
151 363 0
152 101 0
152 143 0
152 152 612
152 388 0
152 398 0
153 105 0
153 153 251
153 350 0
153 393 0
154 23 0
154 46 0
154 71 0
154 128 0
154 149 0
154 154 420
155 87 0
155 112 0
155 134 0
155 155 820
155 287 0
155 376 0
156 65 0
156 156 696
156 393 0
157 14 0
157 38 0
157 157 654
157 374 0
158 38 0
158 72 0
158 158 215
158 265 0
159 159 240
159 208 0
159 254 0
159 310 0
160 71 0
160 72 0
160 79 0
160 103 0
160 160 246
160 284 0
160 384 0
161 39 0
161 66 0
161 161 507
161 170 0
162 24 0
162 146 0
162 162 645
162 254 0
163 163 396
163 224 0
164 100 0
164 122 0
164 164 779
164 188 0
164 205 0
165 15 0
165 165 872
165 171 0
165 238 0
165 272 0
165 313 0
166 22 0
166 166 731
166 278 0
166 304 0
166 348 0
167 17 0
167 38 0
167 49 0
167 52 0
167 167 411
167 190 0
167 207 0
167 225 0
167 226 0
167 269 0
167 315 0
168 56 0
168 168 78
168 204 0
168 293 0
168 334 0
168 367 0
169 51 0
169 66 0
169 130 0
169 169 69
169 263 0
170 62 0
170 148 0
170 161 0
170 170 591
170 228 0
170 355 0
170 378 0
171 4 0
171 31 0
171 119 0
171 165 0
171 171 392
171 212 0
171 215 0
171 239 0
171 247 0
171 350 0
172 34 0
172 45 0
172 144 0
172 172 682
172 183 0
172 278 0
173 1 0
173 16 0
173 173 841
173 225 0
173 313 0
174 174 964
174 203 0
174 228 0
174 315 0
174 358 0
175 175 187
175 263 0
175 313 0
175 332 0
176 126 0
176 176 896
176 245 0
176 302 0
176 377 0
177 135 0
177 177 431
177 216 0
177 278 0
177 352 0
178 9 0
178 86 0
178 178 944
178 222 0
178 306 0
179 42 0
179 179 749
180 11 0
180 180 0
180 180 1
181 37 0
181 40 0
181 64 0
181 98 0
181 181 720
181 270 0
181 306 0
182 124 0
182 127 0
182 182 929
182 250 0
183 172 0
183 183 802
183 231 0
183 329 0
183 361 0
183 378 0
183 381 0
184 13 0
184 184 571
185 34 0
185 133 0
185 185 903
185 203 0
185 247 0
185 273 0
185 389 0
186 17 0
186 44 0
186 144 0
186 186 399
186 346 0
186 376 0
187 95 0
187 187 626
187 188 0
187 328 0
188 11 0
188 53 0
188 164 0
188 187 0
188 188 763
188 208 0
188 322 0
188 371 0
188 380 0
189 9 0
189 189 874
189 393 0
190 31 0
190 167 0
190 190 230
191 28 0
191 70 0
191 146 0
191 191 162
191 355 0
192 78 0
192 148 0
192 149 0
192 192 11
192 234 0
192 239 0
192 337 0
192 351 0
193 193 59
193 300 0
193 301 0
194 145 0
194 194 543
194 316 0
195 195 944
195 327 0
196 196 281
197 4 0
197 27 0
197 42 0
197 94 0
197 197 542
198 42 0
198 198 731
198 211 0
198 324 0
199 78 0
199 122 0
199 199 637
199 365 0
200 17 0
200 200 438
200 242 0
200 311 0
200 365 0
201 8 0
201 102 0
201 201 511
201 280 0
202 28 0
202 68 0
202 202 305
202 381 0
203 27 0
203 44 0
203 138 0
203 174 0
203 185 0
203 203 832
203 259 0
203 368 0
203 384 0
203 389 0
204 46 0
204 86 0
204 168 0
204 204 395
204 328 0
204 368 0
205 69 0
205 108 0
205 110 0
205 164 0
205 205 584
205 277 0
206 1 0
206 76 0
206 104 0
206 206 318
206 294 0
206 324 0
207 167 0
207 207 160
208 159 0
208 188 0
208 208 990
208 337 0
209 209 605
209 303 0
209 364 0
210 129 0
210 146 0
210 210 923
210 259 0
210 289 0
210 291 0
210 321 0
210 382 0
211 15 0
211 198 0
211 211 479
211 274 0
211 333 0
211 348 0
212 126 0
212 146 0
212 171 0
212 212 650
212 236 0
213 123 0
213 135 0
213 213 914
213 227 0
213 250 0
213 277 0
213 358 0
214 214 818
214 266 0
214 324 0
215 80 0
215 171 0
215 215 947
215 322 0
216 43 0
216 103 0
216 177 0
216 216 709
216 354 0
216 383 0
217 21 0
217 102 0
217 125 0
217 137 0
217 217 550
217 315 0
218 16 0
218 114 0
218 218 580
218 233 0
218 310 0
218 327 0
219 1 0
219 110 0
219 219 435
219 221 0
219 391 0
220 88 0
220 220 515
220 221 0
221 83 0
221 88 0
221 219 0
221 220 0
221 221 194
221 380 0
222 97 0
222 178 0
222 222 181
222 335 0
223 223 717
223 375 0
224 163 0
224 224 705
224 300 0
225 128 0
225 148 0
225 167 0
225 173 0
225 225 12
225 248 0
225 371 0
226 72 0
226 93 0
226 118 0
226 167 0
226 226 317
226 241 0
226 300 0
227 10 0
227 25 0
227 213 0
227 227 82
227 245 0
228 103 0
228 145 0
228 170 0
228 174 0
228 228 788
228 349 0
229 32 0
229 47 0
229 75 0
229 83 0
229 229 516
229 235 0
229 273 0
229 377 0
229 379 0
230 68 0
230 230 696
230 234 0
230 284 0
230 373 0
230 377 0
231 48 0
231 183 0
231 231 732
231 257 0
231 333 0
232 232 115
232 354 0
233 143 0
233 218 0
233 233 10
233 286 0
233 301 0
233 315 0
233 356 0
234 49 0
234 110 0
234 192 0
234 230 0
234 234 858
234 365 0
234 377 0
234 383 0
235 125 0
235 229 0
235 235 279
235 276 0
235 277 0
236 104 0
236 127 0
236 212 0
236 236 309
236 248 0
236 296 0
237 3 0
237 58 0
237 75 0
237 99 0
237 237 540
237 335 0
238 165 0
238 238 361
239 7 0
239 92 0
239 171 0
239 192 0
239 239 278
239 353 0
239 378 0
240 61 0
240 240 291
240 303 0
240 314 0
241 37 0
241 101 0
241 226 0
241 241 640
241 341 0
242 10 0
242 138 0
242 200 0
242 242 129
242 272 0
242 397 0
243 41 0
243 243 949
244 133 0
244 244 985
244 246 0
244 291 0
245 66 0
245 97 0
245 146 0
245 176 0
245 227 0
245 245 932
245 341 0
246 244 0
246 246 37
246 350 0
246 352 0
247 20 0
247 171 0
247 185 0
247 247 270
248 2 0
248 34 0
248 44 0
248 88 0
248 225 0
248 236 0
248 248 893
248 330 0
249 130 0
249 249 566
249 275 0
250 66 0
250 86 0
250 109 0
250 148 0
250 182 0
250 213 0
250 250 518
250 365 0
251 39 0
251 54 0
251 56 0
251 65 0
251 92 0
251 251 632
251 368 0
251 377 0
252 151 0
252 252 263
253 86 0
253 96 0
253 253 847
253 363 0
254 13 0
254 33 0
254 108 0
254 159 0
254 162 0
254 254 172
255 2 0
255 255 651
255 274 0
256 13 0
256 71 0
256 256 837
256 391 0
257 76 0
257 231 0
257 257 644
257 278 0
257 361 0
258 134 0
258 258 976
258 281 0
258 366 0
259 81 0
259 203 0
259 210 0
259 259 28
259 294 0
260 104 0
260 260 606
260 289 0
261 39 0
261 54 0
261 113 0
261 261 387
261 288 0
261 289 0
261 338 0
262 72 0
262 88 0
262 262 272
262 329 0
262 384 0
262 388 0
263 8 0
263 41 0
263 169 0
263 175 0
263 263 447
263 277 0
263 305 0
263 372 0
264 45 0
264 65 0
264 88 0
264 131 0
264 264 434
264 309 0
264 340 0
265 158 0
265 265 733
266 214 0
266 266 978
266 274 0
266 301 0
267 12 0
267 267 726
268 98 0
268 268 519
268 332 0
269 133 0
269 167 0
269 269 644
269 364 0
269 386 0
270 0 0
270 19 0
270 130 0
270 181 0
270 270 90
270 333 0
270 340 0
271 271 481
271 330 0
271 336 0
272 61 0
272 63 0
272 165 0
272 242 0
272 272 983
273 185 0
273 229 0
273 273 318
273 282 0
273 394 0
273 397 0
274 42 0
274 111 0
274 133 0
274 211 0
274 255 0
274 266 0
274 274 321
274 302 0
274 368 0
275 12 0
275 34 0
275 249 0
275 275 655
275 354 0
275 397 0
276 23 0
276 235 0
276 276 383
276 374 0
277 205 0
277 213 0
277 235 0
277 263 0
277 277 802
277 301 0
277 381 0
278 106 0
278 166 0
278 172 0
278 177 0
278 257 0
278 278 776
278 330 0
278 337 0
279 279 13
279 343 0
280 80 0
280 82 0
280 88 0
280 122 0
280 201 0
280 280 85
280 353 0
281 24 0
281 77 0
281 140 0
281 258 0
281 281 577
281 291 0
281 297 0
281 387 0
282 273 0
282 282 294
282 396 0
283 62 0
283 90 0
283 130 0
283 283 844
284 51 0
284 101 0
284 140 0
284 160 0
284 230 0
284 284 287
285 87 0
285 285 832
285 367 0
286 20 0
286 58 0
286 75 0
286 233 0
286 286 443
287 155 0
287 287 348
287 323 0
287 349 0
287 389 0
288 45 0
288 57 0
288 261 0
288 288 498
288 296 0
288 339 0
288 361 0
289 49 0
289 68 0
289 210 0
289 260 0
289 261 0
289 289 88
290 290 42
290 297 0
291 210 0
291 244 0
291 281 0
291 291 442
292 29 0
292 139 0
292 292 436
293 33 0
293 168 0
293 293 192
293 374 0
293 386 0
294 206 0
294 259 0
294 294 310
295 295 661
295 392 0
295 394 0
296 14 0
296 236 0
296 288 0
296 296 717
296 310 0
296 355 0
297 6 0
297 40 0
297 59 0
297 72 0
297 281 0
297 290 0
297 297 264
297 329 0
297 373 0
298 69 0
298 121 0
298 298 930
299 13 0
299 100 0
299 102 0
299 119 0
299 299 529
300 25 0
300 108 0
300 193 0
300 224 0
300 226 0
300 300 566
300 336 0
300 338 0
300 388 0
300 394 0
301 62 0
301 193 0
301 233 0
301 266 0
301 277 0
301 301 850
302 27 0
302 36 0
302 95 0
302 132 0
302 176 0
302 274 0
302 302 493
302 382 0
303 209 0
303 240 0
303 303 378
304 76 0
304 132 0
304 166 0
304 304 934
305 6 0
305 54 0
305 94 0
305 143 0
305 263 0
305 305 44
305 345 0
306 0 0
306 87 0
306 88 0
306 141 0
306 178 0
306 181 0
306 306 750
306 311 0
306 333 0
307 0 0
307 106 0
307 307 758
308 121 0
308 135 0
308 308 976
308 355 0
309 264 0
309 309 45
309 337 0
310 159 0
310 218 0
310 296 0
310 310 665
310 322 0
310 337 0
310 388 0
310 398 0
311 44 0
311 114 0
311 115 0
311 149 0
311 200 0
311 306 0
311 311 551
312 312 907
312 342 0
313 13 0
313 47 0
313 88 0
313 165 0
313 173 0
313 175 0
313 313 258
313 389 0
314 240 0
314 314 798
314 319 0
315 38 0
315 167 0
315 174 0
315 217 0
315 233 0
315 315 490
316 194 0
316 316 43
316 350 0
317 135 0
317 150 0
317 317 456
318 16 0
318 318 655
318 384 0
319 94 0
319 148 0
319 314 0
319 319 755
320 29 0
320 40 0
320 111 0
320 131 0
320 320 551
321 210 0
321 321 737
321 322 0
321 393 0
322 93 0
322 137 0
322 188 0
322 215 0
322 310 0
322 321 0
322 322 494
323 17 0
323 66 0
323 89 0
323 287 0
323 323 596
323 326 0
323 386 0
324 80 0
324 198 0
324 206 0
324 214 0
324 324 183
325 22 0
325 325 220
325 381 0
325 391 0
326 3 0
326 123 0
326 323 0
326 326 82
326 327 0
327 195 0
327 218 0
327 326 0
327 327 651
328 1 0
328 121 0
328 187 0
328 204 0
328 328 60
329 20 0
329 21 0
329 183 0
329 262 0
329 297 0
329 329 547
330 248 0
330 271 0
330 278 0
330 330 878
331 331 399
331 371 0
332 29 0
332 98 0
332 130 0
332 175 0
332 268 0
332 332 992
333 75 0
333 82 0
333 112 0
333 211 0
333 231 0
333 270 0
333 306 0
333 333 845
334 129 0
334 168 0
334 334 823
334 356 0
335 222 0
335 237 0
335 335 558
336 15 0
336 91 0
336 100 0
336 271 0
336 300 0
336 336 461
336 370 0
337 41 0
337 192 0
337 208 0
337 278 0
337 309 0
337 310 0
337 337 811
338 261 0
338 300 0
338 338 962
339 23 0
339 57 0
339 92 0
339 141 0
339 288 0
339 339 397
339 370 0
339 396 0
340 78 0
340 106 0
340 264 0
340 270 0
340 340 539
341 42 0
341 72 0
341 241 0
341 245 0
341 341 575
341 342 0
341 367 0
342 48 0
342 312 0
342 341 0
342 342 573
343 279 0
343 343 611
344 36 0
344 344 372
345 305 0
345 345 37
345 375 0
346 2 0
346 186 0
346 346 161
347 347 964
347 366 0
347 389 0
348 74 0
348 166 0
348 211 0
348 348 444
349 25 0
349 44 0
349 68 0
349 108 0
349 228 0
349 287 0
349 349 270
350 103 0
350 153 0
350 171 0
350 246 0
350 316 0
350 350 216
351 192 0
351 351 150
352 177 0
352 246 0
352 352 858
353 239 0
353 280 0
353 353 923
354 216 0
354 232 0
354 275 0
354 354 766
355 61 0
355 101 0
355 170 0
355 191 0
355 296 0
355 308 0
355 355 499
356 146 0
356 233 0
356 334 0
356 356 638
356 373 0
356 387 0
357 9 0
357 38 0
357 357 784
357 360 0
358 42 0
358 75 0
358 174 0
358 213 0
358 358 735
358 398 0
359 68 0
359 105 0
359 359 617
360 10 0
360 357 0
360 360 845
361 23 0
361 146 0
361 183 0
361 257 0
361 288 0
361 361 104
361 399 0
362 68 0
362 362 398
363 23 0
363 151 0
363 253 0
363 363 396
363 379 0
363 390 0
363 399 0
364 43 0
364 209 0
364 269 0
364 364 583
365 199 0
365 200 0
365 234 0
365 250 0
365 365 709
366 79 0
366 258 0
366 347 0
366 366 785
367 73 0
367 168 0
367 285 0
367 341 0
367 367 631
368 203 0
368 204 0
368 251 0
368 274 0
368 368 296
369 369 243
369 374 0
370 92 0
370 127 0
370 147 0
370 336 0
370 339 0
370 370 140
371 104 0
371 111 0
371 188 0
371 225 0
371 331 0
371 371 151
372 15 0
372 148 0
372 263 0
372 372 352
372 374 0
373 58 0
373 230 0
373 297 0
373 356 0
373 373 979
374 49 0
374 118 0
374 157 0
374 276 0
374 293 0
374 369 0
374 372 0
374 374 792
375 73 0
375 74 0
375 78 0
375 223 0
375 345 0
375 375 637
376 155 0
376 186 0
376 376 179
377 14 0
377 53 0
377 176 0
377 229 0
377 230 0
377 234 0
377 251 0
377 377 954
378 170 0
378 183 0
378 239 0
378 378 498
379 111 0
379 229 0
379 363 0
379 379 404
380 188 0
380 221 0
380 380 983
380 395 0
381 86 0
381 183 0
381 202 0
381 277 0
381 325 0
381 381 430
381 399 0
382 0 0
382 129 0
382 210 0
382 302 0
382 382 406
383 38 0
383 69 0
383 216 0
383 234 0
383 383 0
383 383 1
383 384 0
384 160 0
384 203 0
384 262 0
384 318 0
384 383 0
384 384 644
385 21 0
385 385 354
386 269 0
386 293 0
386 323 0
386 386 706
387 101 0
387 121 0
387 281 0
387 356 0
387 387 230
388 152 0
388 262 0
388 300 0
388 310 0
388 388 784
389 86 0
389 117 0
389 185 0
389 203 0
389 287 0
389 313 0
389 347 0
389 389 33
390 363 0
390 390 801
391 66 0
391 219 0
391 256 0
391 325 0
391 391 304
392 9 0
392 103 0
392 295 0
392 392 581
393 60 0
393 153 0
393 156 0
393 189 0
393 321 0
393 393 274
394 12 0
394 273 0
394 295 0
394 300 0
394 394 123
395 24 0
395 128 0
395 380 0
395 395 224
396 282 0
396 339 0
396 396 504
396 399 0
397 59 0
397 242 0
397 273 0
397 275 0
397 397 814
398 7 0
398 96 0
398 152 0
398 310 0
398 358 0
398 398 634
399 23 0
399 361 0
399 363 0
399 381 0
399 396 0
399 399 329
