400
0 52
0 86
0 222
1 6
1 21
1 28
1 208
1 246
1 324
1 390
2 41
2 105
2 125
2 345
3 61
3 226
3 380
3 386
3 388
4 30
4 138
4 209
5 14
5 297
6 1
6 253
6 267
6 355
7 55
8 119
8 320
8 326
8 367
8 387
9 146
9 275
10 115
10 191
10 252
10 306
11 14
11 39
11 79
11 213
11 270
11 317
11 333
11 340
12 103
12 152
12 173
12 189
12 353
14 5
14 11
14 102
14 133
14 162
14 368
15 116
15 291
15 386
16 41
16 70
16 114
16 201
16 258
16 327
16 366
17 31
17 126
18 20
18 288
18 294
19 208
20 18
20 104
20 183
20 259
20 293
20 311
21 1
21 52
21 124
21 139
21 235
22 146
22 218
23 156
23 162
23 298
23 336
24 26
24 33
24 185
24 199
24 224
24 238
24 315
25 98
25 102
25 199
25 225
26 24
26 242
26 303
27 39
27 165
27 175
27 219
27 339
28 1
28 30
28 94
28 362
29 124
29 170
29 188
29 271
29 285
29 335
30 4
30 28
30 107
30 243
30 388
31 17
31 58
31 115
31 157
31 359
32 144
32 201
33 24
33 58
33 139
33 164
33 185
33 282
34 52
34 55
34 78
34 198
34 236
35 87
35 243
35 394
36 115
36 282
36 369
37 147
37 150
37 184
37 203
37 343
38 63
38 165
38 271
39 11
39 27
39 126
39 245
39 339
40 272
40 299
40 307
40 388
41 2
41 16
41 195
42 137
42 139
42 154
42 218
42 346
43 56
43 65
43 367
44 58
44 134
44 196
44 291
45 191
45 248
45 288
46 54
46 101
46 319
47 117
48 53
48 184
48 208
48 319
49 183
49 224
50 128
50 209
50 329
51 301
51 306
52 0
52 21
52 34
52 141
52 159
52 211
52 273
52 365
52 381
53 48
53 176
53 284
53 371
54 46
54 87
54 197
54 249
55 7
55 34
55 81
55 148
55 160
55 264
55 348
56 43
56 101
56 323
57 177
57 228
57 368
58 31
58 33
58 44
58 93
58 109
59 79
59 108
59 181
59 343
60 103
60 154
60 259
60 357
61 3
61 78
61 92
61 107
61 129
61 283
62 178
62 335
62 381
63 38
63 212
63 392
63 399
64 145
64 192
64 268
64 313
65 43
65 108
65 319
65 352
66 233
66 305
66 313
67 125
67 139
67 271
68 114
68 180
68 197
68 231
68 264
69 103
69 141
69 279
69 388
70 16
70 120
70 221
70 305
71 92
71 178
71 294
72 109
72 330
72 348
72 361
72 376
72 382
73 140
73 266
73 368
74 178
74 243
74 266
74 276
74 297
74 378
74 385
75 124
75 133
75 149
76 87
77 226
77 313
78 34
78 61
78 153
78 216
79 11
79 59
79 111
79 251
79 278
79 302
80 121
80 180
80 373
81 55
81 256
82 213
83 141
83 148
83 162
83 170
83 243
83 277
83 346
84 144
84 209
84 274
84 302
85 118
85 188
85 189
85 340
86 0
86 386
87 35
87 54
87 76
87 113
87 201
87 305
87 313
87 337
87 342
88 124
88 312
89 105
89 392
90 173
90 288
90 335
91 147
91 161
91 190
91 279
91 392
92 61
92 71
92 237
92 270
93 58
93 117
93 178
93 344
94 28
94 98
94 251
94 262
95 243
95 299
95 330
96 274
96 289
96 344
97 250
97 272
97 330
98 25
98 94
98 107
98 157
98 200
98 243
98 274
98 354
99 307
99 317
100 250
100 303
100 390
101 46
101 56
101 145
101 198
101 372
101 378
102 14
102 25
102 230
102 244
103 12
103 60
103 69
103 335
104 20
104 276
104 391
105 2
105 89
105 120
105 188
105 242
105 247
105 392
106 237
106 334
107 30
107 61
107 98
107 208
107 211
108 59
108 65
108 216
109 58
109 72
109 229
109 263
111 79
111 121
111 225
111 320
112 160
112 195
112 379
113 87
113 337
114 16
114 68
114 135
114 370
115 10
115 31
115 36
115 218
115 261
115 353
115 356
115 375
116 15
116 121
116 393
117 47
117 93
117 187
117 225
118 85
118 123
118 206
118 214
118 251
118 319
118 386
119 8
119 247
119 369
120 70
120 105
120 206
120 250
120 270
120 330
120 371
121 80
121 111
121 116
121 130
121 237
121 309
122 310
122 342
122 385
123 118
123 292
123 366
124 21
124 29
124 75
124 88
124 298
125 2
125 67
125 137
125 173
125 178
126 17
126 39
126 134
126 137
126 258
126 336
127 247
127 272
127 309
128 50
128 304
128 319
128 343
129 61
129 170
129 190
129 326
129 337
129 382
130 121
130 151
130 178
130 360
131 280
132 250
132 265
133 14
133 75
133 189
133 201
133 224
134 44
134 126
134 288
134 314
135 114
135 251
135 390
136 172
136 353
136 381
137 42
137 125
137 126
137 250
137 315
137 346
138 4
139 21
139 33
139 42
139 67
139 248
140 73
140 208
140 265
140 375
141 52
141 69
141 83
142 191
142 327
143 216
143 222
144 32
144 84
144 216
144 226
144 236
144 321
145 64
145 101
145 315
146 9
146 22
147 37
147 91
147 235
147 395
148 55
148 83
148 228
148 239
148 262
148 337
149 75
149 196
149 368
149 370
150 37
150 268
150 317
151 130
151 319
152 12
153 78
153 166
153 292
153 369
154 42
154 60
154 165
154 229
154 233
155 266
155 356
156 23
156 286
156 287
157 31
157 98
157 218
157 362
158 181
158 329
159 52
159 199
159 244
160 55
160 112
160 253
160 314
161 91
161 202
162 14
162 23
162 83
162 167
162 177
162 291
162 318
164 33
164 253
164 269
164 374
165 27
165 38
165 154
165 270
166 153
166 361
166 376
167 162
167 204
167 265
167 291
167 319
167 362
168 246
168 280
168 319
168 378
169 216
169 291
169 335
170 29
170 83
170 129
170 345
170 366
171 277
171 337
172 136
172 300
173 12
173 90
173 125
173 178
173 190
173 285
174 192
174 387
175 27
175 212
175 254
176 53
176 361
176 399
177 57
177 162
177 269
177 323
177 324
178 62
178 71
178 74
178 93
178 125
178 130
178 173
178 252
178 305
178 398
179 202
179 278
179 356
180 68
180 80
180 189
180 282
180 284
180 329
180 341
181 59
181 158
181 248
181 331
181 337
182 324
182 338
182 362
183 20
183 49
183 279
183 355
184 37
184 48
184 217
184 239
184 373
184 385
185 24
185 33
185 298
185 345
186 200
186 325
186 338
186 353
186 387
186 389
187 117
187 247
187 284
187 299
187 333
187 359
188 29
188 85
188 105
188 283
189 12
189 85
189 133
189 180
189 209
189 393
190 91
190 129
190 173
190 205
190 312
190 355
191 10
191 45
191 142
191 250
191 268
191 292
191 318
191 339
192 64
192 174
192 240
192 250
192 306
192 309
194 197
194 201
194 268
194 271
194 398
195 41
195 112
195 263
196 44
196 149
196 234
196 292
196 364
197 54
197 68
197 194
197 293
198 34
198 101
199 24
199 25
199 159
200 98
200 186
200 359
201 16
201 32
201 87
201 133
201 194
202 161
202 179
202 256
202 283
202 345
203 37
203 285
204 167
204 259
204 333
204 380
205 190
205 339
205 354
205 383
206 118
206 120
206 257
207 235
207 375
208 1
208 19
208 48
208 107
208 140
208 214
208 253
208 385
209 4
209 50
209 84
209 189
209 310
210 229
210 233
210 334
211 52
211 107
211 247
212 63
212 175
212 335
212 359
213 11
213 82
214 118
214 208
214 275
215 272
215 392
216 78
216 108
216 143
216 144
216 169
216 368
217 184
217 218
218 22
218 42
218 115
218 157
218 217
218 228
218 235
218 258
218 285
219 27
219 300
219 360
220 374
221 70
222 0
222 143
222 309
223 355
223 368
224 24
224 49
224 133
224 250
224 318
224 345
225 25
225 111
225 117
225 288
225 351
225 353
225 394
226 3
226 77
226 144
226 237
226 295
227 321
228 57
228 148
228 218
229 109
229 154
229 210
229 333
230 102
230 292
230 390
231 68
231 362
232 267
233 66
233 154
233 210
233 397
234 196
234 283
234 300
234 323
234 345
234 360
235 21
235 147
235 207
235 218
236 34
236 144
237 92
237 106
237 121
237 226
238 24
238 276
238 305
239 148
239 184
239 280
239 306
239 336
239 340
239 355
240 192
240 242
242 26
242 105
242 240
242 389
243 30
243 35
243 74
243 83
243 95
243 98
244 102
244 159
244 305
245 39
245 378
246 1
246 168
247 105
247 119
247 127
247 187
247 211
247 343
248 45
248 139
248 181
249 54
249 263
249 270
250 97
250 100
250 120
250 132
250 137
250 191
250 192
250 224
250 309
250 384
251 79
251 94
251 118
251 135
251 300
251 316
251 367
251 384
252 10
252 178
253 6
253 160
253 164
253 208
253 379
254 175
254 338
255 357
255 362
256 81
256 202
257 206
257 294
258 16
258 126
258 218
258 290
258 302
258 329
259 20
259 60
259 204
259 296
259 357
260 323
260 352
261 115
261 376
262 94
262 148
262 282
262 338
263 109
263 195
263 249
264 55
264 68
264 307
264 393
265 132
265 140
265 167
266 73
266 74
266 155
267 6
267 232
267 333
267 362
268 64
268 150
268 191
268 194
268 346
268 357
269 164
269 177
270 11
270 92
270 120
270 165
270 249
270 393
271 29
271 38
271 67
271 194
272 40
272 97
272 127
272 215
273 52
273 296
273 307
274 84
274 96
274 98
274 319
275 9
275 214
275 323
276 74
276 104
276 238
276 367
277 83
277 171
278 79
278 179
279 69
279 91
279 183
279 333
280 131
280 168
280 239
280 329
280 340
281 302
281 306
281 309
282 33
282 36
282 180
282 262
282 348
283 61
283 188
283 202
283 234
284 53
284 180
284 187
284 311
284 342
284 346
285 29
285 173
285 203
285 218
285 366
286 156
287 156
287 300
287 344
287 370
288 18
288 45
288 90
288 134
288 225
289 96
289 300
289 310
290 258
291 15
291 44
291 162
291 167
291 169
291 380
292 123
292 153
292 191
292 196
292 230
292 326
293 20
293 197
294 18
294 71
294 257
295 226
295 324
295 335
295 343
295 391
296 259
296 273
296 314
297 5
297 74
298 23
298 124
298 185
298 330
298 384
299 40
299 95
299 187
300 172
300 219
300 234
300 251
300 287
300 289
301 51
302 79
302 84
302 258
302 281
302 393
303 26
303 100
303 337
304 128
304 390
305 66
305 70
305 87
305 178
305 238
305 244
305 323
305 327
305 361
306 10
306 51
306 192
306 239
306 281
306 314
306 384
307 40
307 99
307 264
307 273
307 334
308 313
308 346
309 121
309 127
309 192
309 222
309 250
309 281
310 122
310 209
310 289
310 338
311 20
311 284
311 356
312 88
312 190
312 393
313 64
313 66
313 77
313 87
313 308
313 371
314 134
314 160
314 296
314 306
314 316
314 362
315 24
315 137
315 145
316 251
316 314
316 343
316 350
316 363
316 394
317 11
317 99
317 150
317 394
318 162
318 191
318 224
318 327
319 46
319 48
319 65
319 118
319 128
319 151
319 167
319 168
319 274
319 395
320 8
320 111
321 144
321 227
322 357
323 56
323 177
323 234
323 260
323 275
323 305
324 1
324 177
324 182
324 295
324 334
324 357
325 186
325 331
326 8
326 129
326 292
326 361
327 16
327 142
327 305
327 318
327 364
327 371
328 390
329 50
329 158
329 180
329 258
329 280
330 72
330 95
330 97
330 120
330 298
331 181
331 325
331 335
332 388
332 395
333 11
333 187
333 204
333 229
333 267
333 279
333 385
334 106
334 210
334 307
334 324
334 393
335 29
335 62
335 90
335 103
335 169
335 212
335 295
335 331
335 346
336 23
336 126
336 239
336 376
337 87
337 113
337 129
337 148
337 171
337 181
337 303
337 390
338 182
338 186
338 254
338 262
338 310
338 347
339 27
339 39
339 191
339 205
340 11
340 85
340 239
340 280
341 180
342 87
342 122
342 284
342 372
343 37
343 59
343 128
343 247
343 295
343 316
344 93
344 96
344 287
345 2
345 170
345 185
345 202
345 224
345 234
346 42
346 83
346 137
346 268
346 284
346 308
346 335
347 338
348 55
348 72
348 282
350 316
351 225
351 356
351 383
352 65
352 260
353 12
353 115
353 136
353 186
353 225
354 98
354 205
355 6
355 183
355 190
355 223
355 239
356 115
356 155
356 179
356 311
356 351
357 60
357 255
357 259
357 268
357 322
357 324
357 359
359 31
359 187
359 200
359 212
359 357
360 130
360 219
360 234
360 361
360 381
361 72
361 166
361 176
361 305
361 326
361 360
361 370
362 28
362 157
362 167
362 182
362 231
362 255
362 267
362 314
362 394
363 316
363 398
364 196
364 327
365 52
366 16
366 123
366 170
366 285
366 368
367 8
367 43
367 251
367 276
368 14
368 57
368 73
368 149
368 216
368 223
368 366
369 36
369 119
369 153
370 114
370 149
370 287
370 361
371 53
371 120
371 313
371 327
372 101
372 342
373 80
373 184
374 164
374 220
375 115
375 140
375 207
376 72
376 166
376 261
376 336
377 397
378 74
378 101
378 168
378 245
379 112
379 253
380 3
380 204
380 291
381 52
381 62
381 136
381 360
382 72
382 129
383 205
383 351
384 250
384 251
384 298
384 306
385 74
385 122
385 184
385 208
385 333
385 395
386 3
386 15
386 86
386 118
387 8
387 174
387 186
388 3
388 30
388 40
388 69
388 332
389 186
389 242
390 1
390 100
390 135
390 230
390 304
390 328
390 337
391 104
391 295
392 63
392 89
392 91
392 105
392 215
393 116
393 189
393 264
393 270
393 302
393 312
393 334
394 35
394 225
394 316
394 317
394 362
395 147
395 319
395 332
395 385
397 233
397 377
398 178
398 194
398 363
399 63
399 176
