50
0 0 110
1 1 283
2 2 483
3 3 1623
4 4 259
5 5 456
6 6 599
7 7 1754
8 8 88
9 9 1417
10 10 1493
11 11 218
12 12 1695
13 13 757
14 14 1089
15 15 1370
16 16 377
17 17 711
18 18 1324
19 19 1931
20 20 310
21 21 1358
22 22 1932
23 23 134
24 24 1018
25 25 129
26 26 814
27 27 402
28 28 1776
29 29 1050
30 30 249
31 31 493
32 32 1483
33 33 1553
34 34 1891
35 35 1654
36 36 1206
37 37 420
38 38 678
39 39 641
40 40 1005
41 41 655
42 42 1452
43 43 868
44 44 1044
45 45 44
46 46 1913
47 47 386
48 48 1898
49 49 175
