50
0 4
0 23
0 25
0 36
0 40
0 42
0 46
0 48
1 5
1 39
1 41
2 4
2 6
2 16
2 27
2 32
2 34
2 35
2 38
2 44
2 46
3 6
3 10
3 11
3 12
3 18
3 21
3 25
3 26
3 29
3 36
3 46
3 49
4 0
4 2
4 5
4 13
4 20
4 22
4 25
4 41
4 44
4 48
5 1
5 4
5 9
5 14
5 17
5 18
5 20
5 29
5 36
5 45
5 48
6 2
6 3
6 15
6 20
6 21
6 27
6 31
6 32
6 36
6 37
6 39
6 41
6 45
7 36
7 37
7 38
7 44
7 46
7 47
8 13
8 19
8 21
8 30
8 35
8 38
8 43
9 5
9 11
9 13
9 21
9 29
9 31
9 34
9 39
9 42
9 43
10 3
10 14
10 34
10 39
10 40
10 48
10 49
11 3
11 9
11 32
11 33
11 37
11 40
11 43
11 48
12 3
12 14
12 16
12 20
12 25
12 40
12 43
13 4
13 8
13 9
13 14
13 17
13 21
13 33
13 38
13 41
13 47
13 48
14 5
14 10
14 12
14 13
14 17
14 22
14 40
14 47
15 6
15 19
15 20
15 25
15 31
15 35
15 37
15 40
15 43
16 2
16 12
16 22
16 31
16 32
16 34
16 35
16 44
17 5
17 13
17 14
17 18
17 31
17 38
17 45
17 48
18 3
18 5
18 17
18 22
18 29
18 33
18 38
18 49
19 8
19 15
19 23
19 27
19 30
19 33
19 34
19 35
19 39
19 49
20 4
20 5
20 6
20 12
20 15
20 22
20 34
20 35
20 39
20 45
20 46
21 3
21 6
21 8
21 9
21 13
21 29
21 31
21 34
21 35
21 40
21 48
22 4
22 14
22 16
22 18
22 20
22 27
22 33
22 45
22 49
23 0
23 19
23 26
23 47
23 49
24 26
24 43
25 0
25 3
25 4
25 12
25 15
25 27
25 29
25 33
25 38
25 42
26 3
26 23
26 24
26 29
26 32
26 49
27 2
27 6
27 19
27 22
27 25
27 36
27 37
27 38
27 45
28 32
28 36
28 38
28 42
28 46
29 3
29 5
29 9
29 18
29 21
29 25
29 26
29 31
29 35
29 37
29 39
29 48
29 49
30 8
30 19
30 35
31 6
31 9
31 15
31 16
31 17
31 21
31 29
31 34
31 41
32 2
32 6
32 11
32 16
32 26
32 28
32 37
32 38
32 41
32 44
32 47
33 11
33 13
33 18
33 19
33 22
33 25
33 35
33 37
33 43
33 48
33 49
34 2
34 9
34 10
34 16
34 19
34 20
34 21
34 31
34 36
34 39
34 41
34 43
34 47
35 2
35 8
35 15
35 16
35 19
35 20
35 21
35 29
35 30
35 33
35 39
35 42
36 0
36 3
36 5
36 6
36 7
36 27
36 28
36 34
36 40
36 42
36 46
36 47
37 6
37 7
37 11
37 15
37 27
37 29
37 32
37 33
37 42
37 46
38 2
38 7
38 8
38 13
38 17
38 18
38 25
38 27
38 28
38 32
38 44
38 49
39 1
39 6
39 9
39 10
39 19
39 20
39 29
39 34
39 35
39 44
40 0
40 10
40 11
40 12
40 14
40 15
40 21
40 36
40 43
40 45
40 46
40 49
41 1
41 4
41 6
41 13
41 31
41 32
41 34
42 0
42 9
42 25
42 28
42 35
42 36
42 37
43 8
43 9
43 11
43 12
43 15
43 24
43 33
43 34
43 40
43 48
43 49
44 2
44 4
44 7
44 16
44 32
44 38
44 39
44 49
45 5
45 6
45 17
45 20
45 22
45 27
45 40
46 0
46 2
46 3
46 7
46 20
46 28
46 36
46 37
46 40
46 47
47 7
47 13
47 14
47 23
47 32
47 34
47 36
47 46
48 0
48 4
48 5
48 10
48 11
48 13
48 17
48 21
48 29
48 33
48 43
49 3
49 10
49 18
49 19
49 22
49 23
49 26
49 29
49 33
49 38
49 40
49 43
49 44
