50
0 0 327
0 6 0
0 13 0
0 25 0
1 1 484
1 11 0
1 30 0
1 35 0
1 37 0
2 2 1373
3 3 837
3 41 0
4 4 296
4 8 0
4 18 0
4 24 0
4 40 0
5 5 1437
5 40 0
6 0 0
6 6 712
7 7 1787
7 15 0
7 47 0
8 4 0
8 8 1656
9 9 1837
9 42 0
10 10 1889
10 26 0
11 1 0
11 11 1027
12 12 4
12 17 0
12 27 0
12 40 0
12 45 0
13 0 0
13 13 1724
14 14 176
15 7 0
15 15 1494
15 43 0
16 16 680
16 34 0
16 43 0
16 45 0
17 12 0
17 17 1796
17 42 0
18 4 0
18 18 1101
19 19 1094
20 20 1774
20 32 0
21 21 1754
21 25 0
21 28 0
21 43 0
22 22 1902
23 23 247
23 38 0
24 4 0
24 24 1804
24 35 0
24 41 0
25 0 0
25 21 0
25 25 196
25 29 0
25 31 0
25 47 0
26 10 0
26 26 36
27 12 0
27 27 1301
27 30 0
27 34 0
28 21 0
28 28 1205
28 37 0
29 25 0
29 29 891
29 35 0
29 37 0
30 1 0
30 27 0
30 30 687
30 41 0
30 44 0
30 47 0
31 25 0
31 31 1937
31 34 0
32 20 0
32 32 384
32 48 0
33 33 1837
33 43 0
34 16 0
34 27 0
34 31 0
34 34 455
35 1 0
35 24 0
35 29 0
35 35 563
36 36 1828
36 49 0
37 1 0
37 28 0
37 29 0
37 37 718
38 23 0
38 38 1130
38 41 0
39 39 1486
40 4 0
40 5 0
40 12 0
40 40 1686
41 3 0
41 24 0
41 30 0
41 38 0
41 41 1773
42 9 0
42 17 0
42 42 352
43 15 0
43 16 0
43 21 0
43 33 0
43 43 634
44 30 0
44 44 1663
45 12 0
45 16 0
45 45 1474
45 48 0
46 46 366
47 7 0
47 25 0
47 30 0
47 47 1192
48 32 0
48 45 0
48 48 558
49 36 0
49 49 691
