50
0 0 572
0 4 0
0 26 0
0 34 0
0 47 0
1 1 889
1 3 0
1 16 0
1 28 0
2 2 959
2 6 0
2 25 0
2 27 0
2 33 0
2 39 0
3 1 0
3 3 115
3 14 0
3 30 0
3 34 0
3 42 0
4 0 0
4 4 543
4 34 0
4 39 0
4 41 0
4 49 0
5 5 258
5 11 0
5 24 0
5 33 0
5 47 0
6 2 0
6 6 584
6 7 0
6 10 0
6 16 0
6 20 0
7 6 0
7 7 771
7 21 0
7 23 0
7 43 0
8 8 781
8 11 0
8 12 0
8 21 0
8 23 0
8 47 0
8 49 0
9 9 128
9 17 0
9 18 0
9 20 0
9 24 0
9 40 0
9 42 0
9 49 0
10 6 0
10 10 742
10 14 0
10 22 0
10 37 0
10 43 0
11 5 0
11 8 0
11 11 340
11 20 0
11 47 0
11 49 0
12 8 0
12 12 234
12 17 0
12 20 0
12 25 0
12 42 0
13 13 561
14 3 0
14 10 0
14 14 111
14 31 0
14 32 0
15 15 165
15 16 0
16 1 0
16 6 0
16 15 0
16 16 841
17 9 0
17 12 0
17 17 600
17 28 0
17 31 0
17 34 0
17 41 0
18 9 0
18 18 562
18 29 0
18 31 0
19 19 647
19 25 0
19 38 0
19 39 0
20 6 0
20 9 0
20 11 0
20 12 0
20 20 509
20 27 0
20 29 0
20 40 0
20 46 0
21 7 0
21 8 0
21 21 427
21 26 0
21 40 0
22 10 0
22 22 567
22 43 0
23 7 0
23 8 0
23 23 170
23 45 0
23 46 0
24 5 0
24 9 0
24 24 36
24 35 0
24 41 0
24 44 0
24 45 0
25 2 0
25 12 0
25 19 0
25 25 409
26 0 0
26 21 0
26 26 160
27 2 0
27 20 0
27 27 783
27 31 0
27 44 0
28 1 0
28 17 0
28 28 627
28 43 0
29 18 0
29 20 0
29 29 718
29 40 0
30 3 0
30 30 477
30 35 0
31 14 0
31 17 0
31 18 0
31 27 0
31 31 940
32 14 0
32 32 459
32 38 0
33 2 0
33 5 0
33 33 94
33 35 0
34 0 0
34 3 0
34 4 0
34 17 0
34 34 428
34 36 0
34 41 0
35 24 0
35 30 0
35 33 0
35 35 618
35 36 0
35 46 0
35 49 0
36 34 0
36 35 0
36 36 425
36 39 0
36 43 0
37 10 0
37 37 775
37 45 0
37 47 0
38 19 0
38 32 0
38 38 412
39 2 0
39 4 0
39 19 0
39 36 0
39 39 71
39 40 0
40 9 0
40 20 0
40 21 0
40 29 0
40 39 0
40 40 132
41 4 0
41 17 0
41 24 0
41 34 0
41 41 330
41 47 0
41 48 0
41 49 0
42 3 0
42 9 0
42 12 0
42 42 660
43 7 0
43 10 0
43 22 0
43 28 0
43 36 0
43 43 709
44 24 0
44 27 0
44 44 909
45 23 0
45 24 0
45 37 0
45 45 144
46 20 0
46 23 0
46 35 0
46 46 489
47 0 0
47 5 0
47 8 0
47 11 0
47 37 0
47 41 0
47 47 851
48 41 0
48 48 747
49 4 0
49 8 0
49 9 0
49 11 0
49 35 0
49 41 0
49 49 768
