50
0 10
0 37
1 2
1 22
1 35
1 36
1 39
2 1
2 5
2 15
2 34
2 40
2 45
3 9
3 23
3 46
4 14
4 26
4 28
5 2
5 26
5 36
5 38
5 39
5 48
6 8
6 19
6 36
6 44
6 48
7 14
8 6
8 17
8 24
8 40
9 3
9 31
9 37
9 43
10 0
10 17
11 25
11 27
11 28
11 42
11 43
11 44
11 45
11 47
12 13
12 20
12 45
12 47
12 49
13 12
13 17
13 20
14 4
14 7
14 21
15 2
16 32
16 46
16 49
17 8
17 10
17 13
17 19
17 22
17 32
17 36
17 42
17 49
18 20
18 27
18 32
18 38
19 6
19 17
19 33
20 12
20 13
20 18
20 33
21 14
21 41
22 1
22 17
22 31
23 3
23 26
23 33
23 36
24 8
24 39
24 47
25 11
25 34
25 39
25 42
26 4
26 5
26 23
27 11
27 18
27 48
28 4
28 11
28 36
28 46
29 39
29 43
30 37
30 40
30 48
30 49
31 9
31 22
31 32
31 35
32 16
32 17
32 18
32 31
32 37
32 43
33 19
33 20
33 23
33 40
33 47
34 2
34 25
34 39
35 1
35 31
35 41
36 1
36 5
36 6
36 17
36 23
36 28
36 39
36 44
37 0
37 9
37 30
37 32
38 5
38 18
38 43
38 47
39 1
39 5
39 24
39 25
39 29
39 34
39 36
39 41
39 47
40 2
40 8
40 30
40 33
41 21
41 35
41 39
42 11
42 17
42 25
43 9
43 11
43 29
43 32
43 38
43 47
44 6
44 11
44 36
45 2
45 11
45 12
46 3
46 16
46 28
47 11
47 12
47 24
47 33
47 38
47 39
47 43
48 5
48 6
48 27
48 30
49 12
49 16
49 17
49 30
