50
0 0 240
0 8 0
0 9 0
0 20 0
0 27 0
0 35 0
0 37 0
0 39 0
0 41 0
0 42 0
1 1 277
1 4 0
1 15 0
1 16 0
1 27 0
1 35 0
1 37 0
1 38 0
1 48 0
2 2 381
2 11 0
2 14 0
2 23 0
2 24 0
2 25 0
2 35 0
2 39 0
2 41 0
2 43 0
2 45 0
3 3 528
3 18 0
3 19 0
3 28 0
3 31 0
3 37 0
3 40 0
3 49 0
4 1 0
4 4 242
4 14 0
4 15 0
4 23 0
4 28 0
4 29 0
4 31 0
4 43 0
4 46 0
4 47 0
4 49 0
5 5 124
5 6 0
5 9 0
5 41 0
6 5 0
6 6 329
6 12 0
6 27 0
6 34 0
6 42 0
6 46 0
6 49 0
7 7 689
7 18 0
7 19 0
7 21 0
7 25 0
7 31 0
7 38 0
7 48 0
8 0 0
8 8 222
8 13 0
8 17 0
8 28 0
8 30 0
8 39 0
8 40 0
9 0 0
9 5 0
9 9 500
9 10 0
9 11 0
9 14 0
9 18 0
9 19 0
9 23 0
9 24 0
9 29 0
9 31 0
10 9 0
10 10 635
10 12 0
10 17 0
10 24 0
10 27 0
10 34 0
10 39 0
10 45 0
10 46 0
10 48 0
11 2 0
11 9 0
11 11 674
11 20 0
11 22 0
11 30 0
11 36 0
11 45 0
11 46 0
11 48 0
12 6 0
12 10 0
12 12 691
12 17 0
12 19 0
12 23 0
12 30 0
12 32 0
12 36 0
12 38 0
12 39 0
12 41 0
12 43 0
12 44 0
12 47 0
13 8 0
13 13 850
13 21 0
13 24 0
13 40 0
13 46 0
13 47 0
14 2 0
14 4 0
14 9 0
14 14 673
14 17 0
14 25 0
14 30 0
14 34 0
14 38 0
14 49 0
15 1 0
15 4 0
15 15 660
15 17 0
15 23 0
15 27 0
15 37 0
15 38 0
15 48 0
16 1 0
16 16 376
16 20 0
16 22 0
16 24 0
16 34 0
16 38 0
17 8 0
17 10 0
17 12 0
17 14 0
17 15 0
17 17 733
17 24 0
17 25 0
17 44 0
17 46 0
18 3 0
18 7 0
18 9 0
18 18 503
18 19 0
18 20 0
18 24 0
18 26 0
18 28 0
19 3 0
19 7 0
19 9 0
19 12 0
19 18 0
19 19 239
19 23 0
19 24 0
19 25 0
19 39 0
19 46 0
19 49 0
20 0 0
20 11 0
20 16 0
20 18 0
20 20 533
20 35 0
20 37 0
20 39 0
21 7 0
21 13 0
21 21 525
21 24 0
21 26 0
21 27 0
21 38 0
21 42 0
21 43 0
22 11 0
22 16 0
22 22 509
22 28 0
22 40 0
22 47 0
23 2 0
23 4 0
23 9 0
23 12 0
23 15 0
23 19 0
23 23 345
23 33 0
23 38 0
23 43 0
23 44 0
24 2 0
24 9 0
24 10 0
24 13 0
24 16 0
24 17 0
24 18 0
24 19 0
24 21 0
24 24 516
24 35 0
25 2 0
25 7 0
25 14 0
25 17 0
25 19 0
25 25 115
25 27 0
25 29 0
25 30 0
25 46 0
26 18 0
26 21 0
26 26 562
26 39 0
27 0 0
27 1 0
27 6 0
27 10 0
27 15 0
27 21 0
27 25 0
27 27 949
27 28 0
27 31 0
27 43 0
28 3 0
28 4 0
28 8 0
28 18 0
28 22 0
28 27 0
28 28 460
28 35 0
28 36 0
29 4 0
29 9 0
29 25 0
29 29 877
30 8 0
30 11 0
30 12 0
30 14 0
30 25 0
30 30 942
30 35 0
30 39 0
30 41 0
31 3 0
31 4 0
31 7 0
31 9 0
31 27 0
31 31 703
31 43 0
32 12 0
32 32 596
32 34 0
32 35 0
32 39 0
32 42 0
32 45 0
32 48 0
33 23 0
33 33 593
33 38 0
33 39 0
33 43 0
33 44 0
34 6 0
34 10 0
34 14 0
34 16 0
34 32 0
34 34 498
34 46 0
35 0 0
35 1 0
35 2 0
35 20 0
35 24 0
35 28 0
35 30 0
35 32 0
35 35 22
36 11 0
36 12 0
36 28 0
36 36 240
36 38 0
36 42 0
36 44 0
36 49 0
37 0 0
37 1 0
37 3 0
37 15 0
37 20 0
37 37 438
37 38 0
37 40 0
38 1 0
38 7 0
38 12 0
38 14 0
38 15 0
38 16 0
38 21 0
38 23 0
38 33 0
38 36 0
38 37 0
38 38 599
38 39 0
38 44 0
39 0 0
39 2 0
39 8 0
39 10 0
39 12 0
39 19 0
39 20 0
39 26 0
39 30 0
39 32 0
39 33 0
39 38 0
39 39 515
39 41 0
39 45 0
40 3 0
40 8 0
40 13 0
40 22 0
40 37 0
40 40 904
40 43 0
40 47 0
41 0 0
41 2 0
41 5 0
41 12 0
41 30 0
41 39 0
41 41 627
41 42 0
41 44 0
41 49 0
42 0 0
42 6 0
42 21 0
42 32 0
42 36 0
42 41 0
42 42 788
42 47 0
42 48 0
43 2 0
43 4 0
43 12 0
43 21 0
43 23 0
43 27 0
43 31 0
43 33 0
43 40 0
43 43 286
43 45 0
44 12 0
44 17 0
44 23 0
44 33 0
44 36 0
44 38 0
44 41 0
44 44 33
45 2 0
45 10 0
45 11 0
45 32 0
45 39 0
45 43 0
45 45 693
46 4 0
46 6 0
46 10 0
46 11 0
46 13 0
46 17 0
46 19 0
46 25 0
46 34 0
46 46 937
47 4 0
47 12 0
47 13 0
47 22 0
47 40 0
47 42 0
47 47 391
48 1 0
48 7 0
48 10 0
48 11 0
48 15 0
48 32 0
48 42 0
48 48 364
49 3 0
49 4 0
49 6 0
49 14 0
49 19 0
49 36 0
49 41 0
49 49 52
