50
0 5
0 14
0 16
0 17
0 19
0 24
0 30
0 33
0 43
1 4
1 9
1 11
1 34
1 35
2 8
2 9
2 12
2 29
2 33
2 34
2 36
2 42
2 44
2 46
3 8
3 13
3 20
3 34
3 35
3 40
4 1
4 8
4 9
4 12
4 15
4 18
4 29
4 33
4 39
5 0
5 11
5 17
5 39
5 40
5 41
5 42
6 7
6 17
6 18
6 24
6 30
6 33
6 34
6 41
7 6
7 23
7 32
7 38
7 39
7 48
8 2
8 3
8 4
8 32
8 39
8 45
9 1
9 2
9 4
9 11
9 20
9 21
9 23
9 27
9 30
9 36
10 11
10 15
10 17
10 26
10 35
10 44
10 47
11 1
11 5
11 9
11 10
11 13
11 14
11 15
11 18
11 28
11 33
11 38
11 45
11 46
11 48
12 2
12 4
12 13
12 18
12 26
12 30
12 33
12 42
12 48
13 3
13 11
13 12
13 18
13 19
13 31
13 40
13 43
13 44
14 0
14 11
14 21
14 31
14 33
14 41
14 47
15 4
15 10
15 11
15 25
15 34
15 41
15 44
15 47
16 0
16 18
16 20
16 21
16 22
16 25
16 38
16 40
17 0
17 5
17 6
17 10
17 26
17 29
17 31
17 38
17 41
17 45
17 47
17 49
18 4
18 6
18 11
18 12
18 13
18 16
18 20
18 25
18 30
18 44
18 48
19 0
19 13
19 21
19 24
19 33
19 42
19 45
19 47
19 49
20 3
20 9
20 16
20 18
20 24
20 33
20 39
20 45
20 47
20 49
21 9
21 14
21 16
21 19
21 33
21 42
22 16
22 30
22 31
22 34
22 36
22 37
22 44
22 48
23 7
23 9
23 31
23 36
23 40
23 41
24 0
24 6
24 19
24 20
24 30
24 31
24 46
24 48
25 15
25 16
25 18
25 41
25 42
25 44
25 48
26 10
26 12
26 17
26 29
26 30
26 32
26 37
26 44
27 9
27 29
27 36
27 48
28 11
28 36
28 38
29 2
29 4
29 17
29 26
29 27
29 35
30 0
30 6
30 9
30 12
30 18
30 22
30 24
30 26
31 13
31 14
31 17
31 22
31 23
31 24
31 32
31 33
31 39
32 7
32 8
32 26
32 31
32 34
32 45
32 46
32 47
33 0
33 2
33 4
33 6
33 11
33 12
33 14
33 19
33 20
33 21
33 31
33 35
34 1
34 2
34 3
34 6
34 15
34 22
34 32
34 35
34 36
34 44
34 46
35 1
35 3
35 10
35 29
35 33
35 34
35 45
36 2
36 9
36 22
36 23
36 27
36 28
36 34
36 41
36 46
37 22
37 26
37 39
37 45
38 7
38 11
38 16
38 17
38 28
38 39
38 41
38 44
39 4
39 5
39 7
39 8
39 20
39 31
39 37
39 38
39 45
39 49
40 3
40 5
40 13
40 16
40 23
40 48
41 5
41 6
41 14
41 15
41 17
41 23
41 25
41 36
41 38
41 45
41 48
42 2
42 5
42 12
42 19
42 21
42 25
42 43
42 44
43 0
43 13
43 42
43 45
43 49
44 2
44 10
44 13
44 15
44 18
44 22
44 25
44 26
44 34
44 38
44 42
44 46
44 47
45 8
45 11
45 17
45 19
45 20
45 32
45 35
45 37
45 39
45 41
45 43
45 47
45 49
46 2
46 11
46 24
46 32
46 34
46 36
46 44
47 10
47 14
47 15
47 17
47 19
47 20
47 32
47 44
47 45
48 7
48 11
48 12
48 18
48 22
48 24
48 25
48 27
48 40
48 41
49 17
49 19
49 20
49 39
49 43
49 45
