100
0 2
0 14
0 66
1 25
1 41
1 47
1 53
1 61
1 83
2 0
2 14
2 23
2 50
3 17
3 28
3 29
3 67
3 91
4 21
4 87
5 39
5 63
6 28
6 35
6 85
7 10
7 25
7 39
7 46
7 54
7 65
7 88
8 15
8 73
9 19
9 33
9 81
10 7
10 24
10 75
11 38
11 55
11 61
11 83
11 91
12 24
12 44
12 48
12 52
12 74
13 20
13 21
13 30
13 94
13 95
14 0
14 2
14 51
14 76
14 94
15 8
15 30
15 49
15 74
16 28
16 67
16 85
17 3
17 25
18 21
18 49
18 87
19 9
19 23
19 53
19 60
19 62
20 13
20 56
20 62
20 87
21 4
21 13
21 18
21 29
21 36
21 42
21 52
21 55
21 93
21 97
21 99
22 46
22 52
22 95
23 2
23 19
23 37
23 38
23 40
24 10
24 12
24 34
24 61
24 87
25 1
25 7
25 17
25 28
25 33
25 42
25 88
26 66
27 94
28 3
28 6
28 16
28 25
28 32
28 55
28 70
29 3
29 21
29 31
29 74
29 79
29 96
30 13
30 15
30 62
30 95
30 99
31 29
31 48
31 73
32 28
32 68
32 77
32 81
33 9
33 25
33 58
33 89
33 91
34 24
34 50
34 91
35 6
35 68
35 73
35 88
35 99
36 21
36 37
36 49
37 23
37 36
37 38
37 52
37 60
38 11
38 23
38 37
38 70
38 77
38 98
39 5
39 7
39 85
40 23
40 93
40 98
41 1
41 51
41 92
42 21
42 25
42 51
42 68
42 80
43 65
43 78
44 12
44 60
44 62
44 85
45 50
46 7
46 22
47 1
47 63
48 12
48 31
48 88
48 91
48 92
49 15
49 18
49 36
49 83
49 88
49 94
50 2
50 34
50 45
50 57
50 68
50 86
50 94
51 14
51 41
51 42
51 58
51 80
52 12
52 21
52 22
52 37
52 68
53 1
53 19
53 69
54 7
54 62
54 80
54 96
55 11
55 21
55 28
55 66
55 74
55 79
55 99
56 20
56 67
57 50
57 62
57 69
57 71
57 88
57 98
58 33
58 51
58 64
59 98
60 19
60 37
60 44
60 99
61 1
61 11
61 24
61 85
62 19
62 20
62 30
62 44
62 54
62 57
63 5
63 47
63 68
63 80
64 58
64 71
65 7
65 43
65 72
65 78
66 0
66 26
66 55
67 3
67 16
67 56
67 91
68 32
68 35
68 42
68 50
68 52
68 63
68 84
68 95
69 53
69 57
69 89
69 94
70 28
70 38
70 83
70 94
71 57
71 64
71 74
71 75
71 89
71 92
72 65
72 74
73 8
73 31
73 35
74 12
74 15
74 29
74 55
74 71
74 72
74 97
75 10
75 71
75 82
76 14
76 82
76 92
77 32
77 38
78 43
78 65
79 29
79 55
80 42
80 51
80 54
80 63
81 9
81 32
81 92
82 75
82 76
83 1
83 11
83 49
83 70
83 95
84 68
85 6
85 16
85 39
85 44
85 61
86 50
86 89
87 4
87 18
87 20
87 24
87 99
88 7
88 25
88 35
88 48
88 49
88 57
89 33
89 69
89 71
89 86
91 3
91 11
91 33
91 34
91 48
91 67
92 41
92 48
92 71
92 76
92 81
92 97
93 21
93 40
94 13
94 14
94 27
94 49
94 50
94 69
94 70
95 13
95 22
95 30
95 68
95 83
96 29
96 54
97 21
97 74
97 92
98 38
98 40
98 57
98 59
99 21
99 30
99 35
99 55
99 60
99 87
