200
0 53
0 80
0 154
0 157
1 50
1 64
1 138
1 151
1 187
2 52
2 95
2 125
2 154
3 32
4 24
4 55
4 74
4 119
4 123
4 194
5 48
5 50
5 95
5 110
5 156
6 144
7 17
7 18
7 70
7 116
7 136
7 159
7 171
7 181
7 193
8 27
8 63
8 130
9 50
9 116
9 127
9 145
10 95
10 123
10 138
10 154
10 157
10 196
11 70
11 179
12 59
12 94
13 42
13 72
13 136
13 195
14 84
15 65
15 125
15 152
15 175
15 178
15 186
16 28
16 80
17 7
17 53
17 107
17 122
18 7
18 54
18 64
18 79
18 130
18 181
19 153
19 167
19 174
19 176
20 104
20 109
20 171
20 179
21 46
21 59
21 121
21 169
21 193
22 63
22 145
22 199
23 107
23 119
23 141
24 4
24 28
24 181
25 107
25 119
25 141
25 168
25 198
26 42
26 61
26 156
26 157
26 166
26 180
27 8
27 39
27 105
27 175
27 177
28 16
28 24
28 58
28 86
28 154
28 167
28 172
29 31
29 35
29 36
29 94
29 120
29 171
30 100
30 152
31 29
31 74
31 83
31 104
31 153
32 3
32 53
32 152
32 163
33 49
33 160
34 58
34 87
35 29
35 163
35 177
36 29
36 46
36 64
36 82
36 130
36 170
36 179
37 50
38 78
38 107
38 172
39 27
40 53
40 88
40 136
40 191
41 126
42 13
42 26
42 81
42 115
43 50
43 72
43 84
43 136
43 166
44 91
44 98
44 107
44 114
44 188
44 193
45 171
46 21
46 36
46 119
46 166
47 70
47 135
47 170
48 5
48 152
49 33
49 113
49 177
50 1
50 5
50 9
50 37
50 43
50 58
50 135
51 113
51 125
52 2
52 69
52 93
52 121
53 0
53 17
53 32
53 40
53 73
53 96
54 18
54 128
54 199
55 4
55 56
55 88
55 121
56 55
56 195
57 110
57 176
58 28
58 34
58 50
58 71
58 90
59 12
59 21
59 194
60 158
60 188
61 26
61 143
61 150
62 166
63 8
63 22
63 68
63 99
63 122
64 1
64 18
64 36
65 15
65 70
65 114
65 122
66 78
66 131
66 148
66 154
67 116
67 141
68 63
68 127
68 149
68 150
68 198
69 52
69 135
69 153
70 7
70 11
70 47
70 65
70 116
70 168
70 196
71 58
71 173
72 13
72 43
72 82
72 148
73 53
73 140
73 146
73 171
74 4
74 31
74 128
74 148
74 192
75 108
75 119
75 137
76 122
76 140
76 166
77 83
77 88
77 148
77 165
78 38
78 66
79 18
79 124
79 193
80 0
80 16
80 115
80 160
80 162
81 42
81 96
81 102
81 117
81 163
81 194
82 36
82 72
82 90
82 150
82 174
82 189
83 31
83 77
83 98
83 145
83 162
84 14
84 43
84 155
85 127
85 149
85 151
85 162
85 170
85 191
86 28
86 141
87 34
87 141
87 146
87 148
87 150
87 181
88 40
88 55
88 77
88 187
90 58
90 82
90 127
91 44
91 138
91 173
92 179
93 52
93 156
93 174
94 12
94 29
94 129
95 2
95 5
95 10
95 149
96 53
96 81
96 111
96 172
97 159
97 167
98 44
98 83
98 111
98 139
98 146
98 172
98 199
99 63
99 100
99 116
100 30
100 99
100 145
102 81
102 123
102 124
102 174
103 142
103 150
104 20
104 31
105 27
105 120
105 191
107 17
107 23
107 25
107 38
107 44
107 158
108 75
108 140
108 149
108 158
108 191
109 20
109 127
110 5
110 57
110 125
110 127
111 96
111 98
111 121
111 136
111 153
111 177
111 181
112 139
112 158
112 171
112 199
113 49
113 51
113 158
113 162
113 199
114 44
114 65
114 115
114 192
115 42
115 80
115 114
115 147
116 7
116 9
116 67
116 70
116 99
116 126
116 186
117 81
117 170
117 191
118 153
118 156
118 163
118 179
118 180
118 195
119 4
119 23
119 25
119 46
119 75
119 194
120 29
120 105
120 124
120 176
120 187
121 21
121 52
121 55
121 111
121 166
122 17
122 63
122 65
122 76
122 153
122 156
123 4
123 10
123 102
123 145
123 155
123 166
123 182
124 79
124 102
124 120
124 160
124 183
125 2
125 15
125 51
125 110
125 133
125 177
126 41
126 116
127 9
127 68
127 85
127 90
127 109
127 110
127 147
127 148
127 152
127 184
128 54
128 74
129 94
129 174
130 8
130 18
130 36
131 66
131 161
132 191
133 125
134 184
135 47
135 50
135 69
135 189
136 7
136 13
136 40
136 43
136 111
136 137
136 157
136 172
136 199
137 75
137 136
137 181
138 1
138 10
138 91
138 144
139 98
139 112
139 179
140 73
140 76
140 108
140 195
141 23
141 25
141 67
141 86
141 87
141 145
141 156
141 163
141 169
141 174
141 178
141 186
142 103
143 61
144 6
144 138
144 177
144 192
144 198
145 9
145 22
145 83
145 100
145 123
145 141
146 73
146 87
146 98
147 115
147 127
147 184
148 66
148 72
148 74
148 77
148 87
148 127
148 186
149 68
149 85
149 95
149 108
150 61
150 68
150 82
150 87
150 103
150 159
150 183
151 1
151 85
151 184
151 188
152 15
152 30
152 32
152 48
152 127
153 19
153 31
153 69
153 111
153 118
153 122
154 0
154 2
154 10
154 28
154 66
155 84
155 123
155 180
155 188
155 196
156 5
156 26
156 93
156 118
156 122
156 141
157 0
157 10
157 26
157 136
157 163
157 165
157 171
158 60
158 107
158 108
158 112
158 113
158 172
158 175
159 7
159 97
159 150
160 33
160 80
160 124
160 166
160 180
160 185
160 188
161 131
162 80
162 83
162 85
162 113
163 32
163 35
163 81
163 118
163 141
163 157
163 183
164 197
165 77
165 157
166 26
166 43
166 46
166 62
166 76
166 121
166 123
166 160
167 19
167 28
167 97
168 25
168 70
169 21
169 141
169 197
169 198
170 36
170 47
170 85
170 117
170 180
171 7
171 20
171 29
171 45
171 73
171 112
171 157
171 182
171 196
172 28
172 38
172 96
172 98
172 136
172 158
172 180
173 71
173 91
174 19
174 82
174 93
174 102
174 129
174 141
175 15
175 27
175 158
176 19
176 57
176 120
177 27
177 35
177 49
177 111
177 125
177 144
177 185
177 189
177 196
178 15
178 141
178 181
179 11
179 20
179 36
179 92
179 118
179 139
180 26
180 118
180 155
180 160
180 170
180 172
181 7
181 18
181 24
181 87
181 111
181 137
181 178
182 123
182 171
183 124
183 150
183 163
184 127
184 134
184 147
184 151
185 160
185 177
186 15
186 116
186 141
186 148
187 1
187 88
187 120
188 44
188 60
188 151
188 155
188 160
189 82
189 135
189 177
191 40
191 85
191 105
191 108
191 117
191 132
192 74
192 114
192 144
193 7
193 21
193 44
193 79
194 4
194 59
194 81
194 119
195 13
195 56
195 118
195 140
196 10
196 70
196 155
196 171
196 177
197 164
197 169
198 25
198 68
198 144
198 169
199 22
199 54
199 98
199 112
199 113
199 136
