400
0 51
0 82
0 124
0 175
2 100
2 161
2 296
3 16
3 368
5 135
5 356
6 209
7 176
7 295
8 166
8 328
9 235
9 294
9 297
11 22
11 84
11 101
11 104
12 55
12 399
13 164
13 214
13 221
13 248
14 261
14 314
14 360
14 387
15 185
16 3
16 294
16 337
16 363
16 375
17 38
17 110
17 305
17 321
17 369
18 269
19 119
19 146
20 53
20 346
21 102
21 381
22 11
22 41
22 48
22 101
22 256
23 115
23 148
23 275
24 85
24 173
24 294
25 125
26 369
27 224
27 228
27 342
28 280
28 303
29 372
30 309
31 236
31 262
31 273
31 384
32 166
33 348
36 156
38 17
40 80
40 317
40 335
41 22
41 140
41 258
42 107
42 380
43 188
43 293
44 391
45 89
45 362
45 386
46 67
48 22
49 94
49 308
50 145
50 379
51 0
51 272
52 319
53 20
53 324
54 219
54 378
55 12
55 268
55 340
56 170
57 379
58 97
58 225
59 320
59 370
59 389
60 336
62 115
63 201
63 300
63 393
64 113
64 250
64 316
65 365
66 224
66 243
66 307
67 46
67 201
67 202
67 296
67 304
69 199
69 262
70 217
70 223
70 271
71 90
71 224
71 296
74 263
74 346
74 388
75 100
75 153
76 156
76 181
76 262
77 112
78 86
78 93
79 97
79 187
79 313
80 40
80 295
82 0
82 120
82 187
82 333
83 302
84 11
84 181
84 320
84 341
85 24
85 122
86 78
86 203
86 363
86 381
87 191
87 297
87 310
87 336
87 393
88 105
88 341
88 356
89 45
89 146
89 190
89 301
90 71
90 347
91 92
91 119
91 240
91 393
92 91
92 208
92 336
93 78
94 49
95 315
96 103
97 58
97 79
97 115
97 286
99 150
99 289
100 2
100 75
100 143
100 186
100 374
101 11
101 22
101 110
101 210
102 21
102 141
102 157
102 182
102 307
103 96
104 11
104 132
105 88
105 236
106 232
106 265
107 42
108 328
108 333
108 369
109 268
110 17
110 101
110 207
110 300
111 151
112 77
113 64
114 285
114 286
115 23
115 62
115 97
117 118
118 117
118 120
119 19
119 91
119 123
119 233
120 82
120 118
120 234
121 311
121 370
122 85
122 141
122 222
122 397
123 119
123 366
124 0
124 169
124 270
125 25
127 204
127 253
127 273
129 235
129 309
129 320
129 382
130 259
130 317
131 198
132 104
134 334
135 5
135 265
135 365
136 270
136 382
137 192
138 258
139 335
140 41
141 102
141 122
142 316
142 337
143 100
143 201
144 244
144 351
144 387
145 50
145 158
145 385
146 19
146 89
146 188
147 192
147 193
148 23
148 212
148 319
149 338
150 99
151 111
151 246
151 398
153 75
153 299
154 171
154 332
154 344
156 36
156 76
156 235
156 360
157 102
157 350
158 145
159 182
159 268
159 288
160 252
161 2
162 215
162 252
162 267
162 378
162 393
164 13
164 328
165 286
165 331
166 8
166 32
167 255
168 190
168 219
168 250
169 124
170 56
170 302
171 154
171 255
172 214
173 24
173 186
174 182
174 353
175 0
175 225
176 7
176 361
178 231
178 368
181 76
181 84
181 223
182 102
182 159
182 174
183 228
183 250
184 386
185 15
186 100
186 173
186 343
187 79
187 82
188 43
188 146
189 334
190 89
190 168
190 294
190 338
191 87
191 264
192 137
192 147
192 235
192 367
193 147
193 272
195 288
198 131
199 69
199 280
199 281
200 383
201 63
201 67
201 143
202 67
202 264
202 313
203 86
203 297
204 127
204 373
205 259
206 272
207 110
207 310
207 334
207 367
208 92
208 371
208 389
209 6
210 101
211 321
212 148
212 341
214 13
214 172
214 263
215 162
215 336
215 341
215 387
217 70
218 319
218 365
218 367
218 379
219 54
219 168
219 363
219 392
221 13
222 122
223 70
223 181
224 27
224 66
224 71
225 58
225 175
228 27
228 183
228 370
229 240
229 300
230 388
231 178
231 273
232 106
233 119
233 268
233 367
234 120
235 9
235 129
235 156
235 192
235 318
236 31
236 105
238 334
240 91
240 229
241 313
242 306
243 66
244 144
244 295
244 304
245 323
246 151
246 267
246 382
247 352
248 13
248 290
248 368
249 347
250 64
250 168
250 183
250 371
250 386
251 274
252 160
252 162
253 127
253 267
254 314
255 167
255 171
256 22
256 331
258 41
258 138
259 130
259 205
260 277
261 14
262 31
262 69
262 76
262 276
263 74
263 214
264 191
264 202
265 106
265 135
267 162
267 246
267 253
268 55
268 109
268 159
268 233
268 278
268 360
268 365
269 18
269 333
270 124
270 136
271 70
272 51
272 193
272 206
272 317
273 31
273 127
273 231
274 251
275 23
276 262
277 260
277 376
278 268
280 28
280 199
280 296
280 331
281 199
282 339
283 388
283 389
285 114
286 97
286 114
286 165
287 309
288 159
288 195
288 363
289 99
289 311
289 373
290 248
290 357
292 352
293 43
294 9
294 16
294 24
294 190
294 387
295 7
295 80
295 244
295 299
296 2
296 67
296 71
296 280
297 9
297 87
297 203
299 153
299 295
300 63
300 110
300 229
301 89
302 83
302 170
303 28
304 67
304 244
305 17
306 242
306 383
307 66
307 102
307 350
308 49
308 317
308 368
309 30
309 129
309 287
310 87
310 207
311 121
311 289
311 371
313 79
313 202
313 241
313 356
314 14
314 254
315 95
316 64
316 142
316 318
317 40
317 130
317 272
317 308
318 235
318 316
318 350
318 364
319 52
319 148
319 218
320 59
320 84
320 129
321 17
321 211
323 245
323 390
324 53
326 376
326 390
328 8
328 108
328 164
328 365
331 165
331 256
331 280
331 346
331 383
332 154
332 379
333 82
333 108
333 269
333 367
334 134
334 189
334 207
334 238
335 40
335 139
336 60
336 87
336 92
336 215
337 16
337 142
337 349
338 149
338 190
339 282
340 55
341 84
341 88
341 212
341 215
342 27
343 186
343 397
344 154
345 362
345 396
346 20
346 74
346 331
346 349
347 90
347 249
348 33
348 398
348 399
349 337
349 346
349 362
350 157
350 307
350 318
350 371
351 144
352 247
352 292
353 174
356 5
356 88
356 313
357 290
357 397
360 14
360 156
360 268
361 176
362 45
362 345
362 349
363 16
363 86
363 219
363 288
363 385
364 318
365 65
365 135
365 218
365 268
365 328
366 123
367 192
367 207
367 218
367 233
367 333
368 3
368 178
368 248
368 308
369 17
369 26
369 108
370 59
370 121
370 228
371 208
371 250
371 311
371 350
372 29
373 204
373 289
374 100
374 383
375 16
376 277
376 326
378 54
378 162
379 50
379 57
379 218
379 332
379 397
380 42
381 21
381 86
382 129
382 136
382 246
383 200
383 306
383 331
383 374
384 31
385 145
385 363
386 45
386 184
386 250
387 14
387 144
387 215
387 294
388 74
388 230
388 283
389 59
389 208
389 283
390 323
390 326
391 44
392 219
393 63
393 87
393 91
393 162
396 345
397 122
397 343
397 357
397 379
398 151
398 348
399 12
399 348
