400
0 25
0 37
0 128
0 156
0 165
0 168
0 218
0 220
0 297
0 347
0 361
0 382
0 386
1 98
1 128
1 193
1 200
1 247
2 37
2 69
2 129
2 140
2 151
2 254
2 388
3 69
3 220
3 224
3 227
3 289
3 296
3 356
3 371
4 13
4 99
4 100
4 217
4 256
4 336
4 377
5 15
5 22
5 56
5 248
5 271
6 69
6 101
6 164
6 169
6 304
6 306
6 353
7 31
7 61
7 270
7 284
7 360
7 386
8 156
8 200
8 260
8 335
8 395
9 63
9 96
9 100
9 133
9 168
9 171
9 200
9 216
9 234
9 253
9 280
9 335
10 81
10 83
10 155
10 211
10 220
10 248
10 256
10 300
10 384
11 79
11 159
11 331
11 349
11 389
12 86
12 103
12 172
12 173
12 200
12 308
13 4
13 61
13 96
13 109
13 118
13 213
13 241
13 247
13 264
13 291
13 329
13 361
14 32
14 38
14 61
14 73
14 78
14 156
14 162
14 280
15 5
15 162
15 260
15 289
15 307
15 321
15 385
15 388
16 53
16 127
16 177
16 183
16 300
17 65
17 122
17 123
17 145
17 146
17 243
17 269
17 292
17 350
17 364
18 204
18 260
19 112
19 115
19 142
19 146
20 122
20 124
20 157
20 177
20 185
20 205
20 209
20 258
20 266
21 39
21 113
21 117
21 223
21 287
21 312
21 341
21 365
21 373
22 5
22 63
22 104
22 129
22 196
22 208
22 330
22 365
22 389
23 84
23 113
23 132
23 179
23 191
23 192
23 381
24 54
24 115
25 0
25 51
25 176
25 245
25 283
25 347
26 105
26 118
26 148
26 263
26 349
26 365
27 52
27 127
27 318
27 325
28 104
28 216
28 273
28 305
28 323
29 52
29 60
29 115
29 191
29 278
29 303
29 335
30 131
30 138
30 166
30 209
30 245
30 289
30 338
30 342
31 7
31 33
31 81
31 96
31 112
31 153
31 191
31 267
31 331
31 333
31 364
31 370
31 396
32 14
32 137
32 279
32 287
33 31
33 83
33 198
33 213
33 258
33 296
33 311
33 387
33 391
34 55
34 173
34 195
34 210
34 218
34 237
34 255
34 257
35 119
35 169
35 313
35 319
35 332
35 354
36 120
36 176
36 354
36 355
36 364
37 0
37 2
37 99
37 145
37 294
37 298
37 305
37 319
37 343
37 346
38 14
38 55
38 130
38 132
38 148
38 161
38 216
38 233
38 248
38 324
38 380
38 383
39 21
39 42
39 76
39 95
39 143
39 204
39 214
39 254
39 306
39 384
40 140
40 174
40 273
40 306
40 329
40 377
41 49
41 143
41 236
41 306
41 309
42 39
42 70
42 211
42 250
42 270
42 280
42 286
42 311
42 335
42 337
42 345
43 170
43 185
43 239
43 250
43 339
43 365
43 378
43 379
44 64
44 317
44 392
45 59
45 158
45 165
45 170
45 185
45 212
45 249
45 359
45 398
46 115
46 167
46 234
46 284
46 318
47 129
47 223
47 241
47 246
47 300
47 338
47 339
47 352
47 378
47 379
48 57
48 118
48 130
48 202
48 226
48 233
48 245
48 248
48 274
48 319
49 41
49 138
49 172
49 179
49 213
49 360
50 115
50 335
50 351
51 25
51 75
51 91
51 162
51 215
51 253
51 343
52 27
52 29
52 134
52 204
52 280
52 287
52 359
53 16
53 81
53 104
53 115
53 123
53 125
53 208
53 216
53 285
53 353
53 361
54 24
54 110
54 123
54 229
54 265
54 304
54 308
54 380
55 34
55 38
55 108
55 167
55 169
55 292
55 390
56 5
56 69
56 75
56 105
56 161
56 204
56 219
56 322
57 48
57 62
57 101
57 109
57 196
57 211
57 255
57 276
57 302
57 342
57 363
57 377
57 379
58 64
58 162
58 220
58 225
58 267
58 286
59 45
59 66
59 110
59 120
59 127
59 145
59 264
59 272
59 289
59 338
60 29
60 112
60 119
60 169
60 239
61 7
61 13
61 14
61 79
61 167
61 210
61 217
61 250
61 345
61 385
62 57
62 185
62 223
62 234
62 285
62 368
62 395
63 9
63 22
63 132
63 135
63 139
63 157
63 196
63 203
63 214
63 228
63 248
63 281
63 321
63 362
63 365
64 44
64 58
64 111
64 114
64 193
64 207
64 262
64 309
64 318
64 340
64 389
65 17
65 67
65 68
65 86
65 219
65 268
65 287
65 357
66 59
66 71
66 81
66 94
66 106
66 189
66 374
66 399
67 65
67 74
67 87
67 92
67 111
67 127
67 177
67 196
67 241
67 245
67 294
67 368
68 65
68 71
68 190
68 205
68 247
68 320
68 337
68 340
68 390
68 397
69 2
69 3
69 6
69 56
69 99
69 165
69 208
69 244
70 42
70 77
70 112
70 212
70 290
70 317
70 329
70 353
70 359
71 66
71 68
71 77
71 156
71 214
71 272
71 301
72 92
72 247
72 292
72 377
73 14
73 126
73 153
73 213
73 221
73 235
73 247
73 293
73 305
74 67
74 128
75 51
75 56
75 111
75 205
75 214
75 317
75 323
75 343
76 39
76 95
76 103
76 152
76 186
76 225
76 242
76 244
76 286
76 346
76 353
76 376
77 70
77 71
77 151
77 197
77 303
77 305
77 309
77 386
78 14
78 96
78 197
78 206
78 232
78 262
78 293
78 308
78 389
79 11
79 61
79 103
79 117
79 152
79 207
79 243
79 246
79 253
79 284
79 288
79 314
80 132
80 140
80 195
80 244
80 256
80 286
80 288
80 292
80 357
80 395
80 399
81 10
81 31
81 53
81 66
81 133
81 168
81 176
81 235
81 254
81 258
81 267
81 359
82 116
82 219
83 10
83 33
83 84
83 99
83 128
83 170
83 300
83 356
84 23
84 83
84 114
84 128
84 132
84 211
84 262
84 278
84 285
84 328
84 342
85 93
85 177
85 200
85 325
86 12
86 65
86 244
86 348
86 366
87 67
87 109
87 148
87 194
87 261
87 273
87 303
87 325
87 330
87 334
87 353
87 371
87 385
88 91
88 103
88 274
88 352
88 369
88 386
89 106
89 107
89 144
89 190
89 192
89 209
89 254
89 258
90 143
90 191
90 228
90 291
90 320
91 51
91 88
91 108
91 109
91 155
91 179
91 214
91 223
91 369
92 67
92 72
93 85
93 98
93 201
93 248
93 254
93 365
94 66
94 100
94 123
94 268
94 317
94 368
94 393
95 39
95 76
95 99
95 262
95 371
95 375
96 9
96 13
96 31
96 78
96 139
96 150
96 163
96 187
96 205
96 235
96 236
96 354
97 185
97 213
97 261
97 301
97 312
97 342
97 369
98 1
98 93
98 100
98 107
98 122
98 130
98 232
98 283
98 322
98 350
98 362
98 364
98 376
99 4
99 37
99 69
99 83
99 95
99 127
99 132
99 133
99 165
99 220
99 250
99 258
99 300
99 307
99 313
100 4
100 9
100 94
100 98
100 136
100 156
100 160
100 208
100 227
100 230
100 278
100 305
100 329
101 6
101 57
101 124
101 130
101 374
101 392
102 121
102 301
102 388
103 12
103 76
103 79
103 88
103 105
103 125
103 194
103 230
103 294
103 320
103 338
103 382
104 22
104 28
104 53
104 110
104 116
104 206
104 236
104 287
104 322
104 347
104 393
105 26
105 56
105 103
105 155
105 249
105 266
105 330
105 382
105 386
106 66
106 89
106 154
106 159
106 248
106 272
106 305
106 349
106 361
106 398
107 89
107 98
107 147
108 55
108 91
108 144
108 148
108 237
108 244
108 283
108 364
109 13
109 57
109 87
109 91
109 111
109 142
109 155
109 169
109 194
109 245
109 339
109 340
109 346
109 350
109 352
110 54
110 59
110 104
110 111
110 178
111 64
111 67
111 75
111 109
111 110
111 139
111 301
111 309
111 354
111 361
111 376
112 19
112 31
112 60
112 70
112 157
112 225
112 245
112 246
113 21
113 23
113 127
113 132
113 184
113 215
113 231
113 273
113 293
114 64
114 84
114 264
114 312
114 318
115 19
115 24
115 29
115 46
115 50
115 53
115 142
115 196
115 216
115 254
115 302
115 317
115 371
116 82
116 104
116 126
116 150
116 166
116 169
116 192
116 232
116 272
116 298
116 312
116 388
117 21
117 79
117 161
117 178
117 188
117 241
117 253
117 274
117 311
117 362
117 396
118 13
118 26
118 48
118 125
118 147
118 206
118 253
118 280
118 282
118 380
118 389
119 35
119 60
119 217
119 387
120 36
120 59
120 191
120 198
120 239
120 247
120 261
121 102
121 129
121 131
121 183
121 245
121 298
121 320
122 17
122 20
122 98
122 176
122 266
122 272
123 17
123 53
123 54
123 94
123 260
123 269
123 282
123 335
123 341
123 385
124 20
124 101
124 166
124 223
124 257
124 295
124 327
124 328
125 53
125 103
125 118
125 193
125 216
125 217
125 228
125 284
125 322
125 351
125 390
126 73
126 116
126 140
126 194
126 245
126 247
126 267
126 323
126 349
127 16
127 27
127 59
127 67
127 99
127 113
127 151
127 171
127 276
128 0
128 1
128 74
128 83
128 84
128 134
128 186
128 228
128 268
128 365
128 366
129 2
129 22
129 47
129 121
129 150
129 155
129 239
129 293
129 334
129 370
130 38
130 48
130 98
130 101
130 185
130 204
130 238
130 248
130 306
130 343
130 398
131 30
131 121
131 265
131 267
131 319
132 23
132 38
132 63
132 80
132 84
132 99
132 113
132 134
132 179
132 203
132 272
132 388
133 9
133 81
133 99
133 251
133 252
133 281
133 283
133 287
133 384
134 52
134 128
134 132
134 163
134 189
134 198
134 199
134 246
134 284
134 339
134 388
135 63
135 142
135 346
136 100
136 201
136 259
136 291
136 322
136 356
136 371
137 32
137 189
137 209
137 226
137 312
138 30
138 49
138 141
138 144
138 198
138 218
138 228
138 267
138 354
138 357
138 362
138 368
139 63
139 96
139 111
139 153
139 194
139 271
139 356
140 2
140 40
140 80
140 126
140 145
140 204
140 290
140 395
141 138
141 146
141 150
141 167
141 175
141 210
141 251
141 289
141 323
141 373
142 19
142 109
142 115
142 135
142 254
142 276
142 318
143 39
143 41
143 90
143 184
143 213
143 245
143 309
143 334
143 365
144 89
144 108
144 138
144 200
144 214
144 236
144 237
144 306
144 377
145 17
145 37
145 59
145 140
145 208
145 215
145 240
145 291
145 333
145 385
146 17
146 19
146 141
146 215
146 241
146 330
146 348
146 359
146 379
146 397
147 107
147 118
147 203
147 213
147 221
147 234
147 244
147 280
147 292
148 26
148 38
148 87
148 108
148 236
148 267
148 327
148 361
148 391
149 256
149 353
149 365
150 96
150 116
150 129
150 141
150 161
150 224
150 270
150 286
150 315
151 2
151 77
151 127
151 320
151 326
151 388
151 393
152 76
152 79
152 237
152 267
152 320
152 364
153 31
153 73
153 139
153 185
153 212
153 285
153 323
153 350
154 106
154 172
154 222
154 231
154 232
154 280
154 330
154 356
155 10
155 91
155 105
155 109
155 129
155 180
155 219
155 265
155 301
155 308
155 319
156 0
156 8
156 14
156 71
156 100
156 199
156 321
156 333
156 389
157 20
157 63
157 112
157 344
157 357
157 396
158 45
158 184
158 208
158 234
158 306
158 335
158 362
158 364
159 11
159 106
159 178
159 216
159 220
159 272
159 283
159 337
159 360
159 366
159 384
159 390
159 393
160 100
160 170
160 261
160 278
161 38
161 56
161 117
161 150
161 166
161 173
161 179
161 276
161 371
162 14
162 15
162 51
162 58
162 179
162 210
162 238
162 287
162 310
162 322
162 393
163 96
163 134
163 175
163 217
163 275
163 276
163 316
163 332
163 361
164 6
164 171
164 228
164 234
164 241
164 313
164 316
165 0
165 45
165 69
165 99
165 180
165 190
165 303
165 341
166 30
166 116
166 124
166 161
166 210
166 265
166 290
166 313
166 346
167 46
167 55
167 61
167 141
167 196
167 266
167 319
168 0
168 9
168 81
168 275
168 317
169 6
169 35
169 55
169 60
169 109
169 116
169 177
169 239
169 249
169 274
169 353
169 370
169 393
170 43
170 45
170 83
170 160
170 182
170 185
170 219
170 226
170 243
170 255
170 307
170 357
171 9
171 127
171 164
171 218
171 233
171 308
171 349
171 364
172 12
172 49
172 154
172 230
172 293
173 12
173 34
173 161
173 212
173 213
173 218
173 235
173 241
173 351
173 358
174 40
174 212
174 222
174 239
175 141
175 163
175 228
175 233
175 283
176 25
176 36
176 81
176 122
176 180
176 183
176 192
176 256
176 281
176 318
176 345
177 16
177 20
177 67
177 85
177 169
177 202
177 223
177 235
177 245
177 248
177 261
177 313
177 391
178 110
178 117
178 159
178 203
178 247
178 257
178 268
178 284
178 341
178 342
178 362
179 23
179 49
179 91
179 132
179 161
179 162
179 227
179 302
179 356
179 358
179 386
180 155
180 165
180 176
180 196
180 224
180 247
180 352
181 240
181 368
182 170
182 236
182 255
182 279
182 371
182 386
182 395
183 16
183 121
183 176
183 214
183 248
183 275
183 281
183 316
183 326
183 389
184 113
184 143
184 158
184 276
184 305
184 398
185 20
185 43
185 45
185 62
185 97
185 130
185 153
185 170
185 323
186 76
186 128
186 253
186 262
186 291
186 312
186 354
187 96
187 320
187 339
188 117
188 215
188 236
188 253
188 286
188 330
189 66
189 134
189 137
189 254
189 374
190 68
190 89
190 165
190 220
190 325
191 23
191 29
191 31
191 90
191 120
191 196
191 241
191 274
191 332
191 385
192 23
192 89
192 116
192 176
192 256
192 352
192 381
192 385
193 1
193 64
193 125
193 253
193 262
193 286
194 87
194 103
194 109
194 126
194 139
194 202
195 34
195 80
195 248
195 299
195 315
195 333
196 22
196 57
196 63
196 67
196 115
196 167
196 180
196 191
196 298
196 340
196 345
196 389
196 399
197 77
197 78
197 265
197 296
197 298
197 305
197 307
197 354
198 33
198 120
198 134
198 138
198 225
198 230
198 260
198 286
199 134
199 156
199 204
199 313
199 353
199 367
200 1
200 8
200 9
200 12
200 85
200 144
200 216
200 219
200 247
200 257
200 316
200 339
200 340
200 374
200 381
201 93
201 136
201 317
201 321
202 48
202 177
202 194
202 205
202 274
202 338
202 385
203 63
203 132
203 147
203 178
203 254
203 272
203 275
203 325
203 353
204 18
204 39
204 52
204 56
204 130
204 140
204 199
204 217
204 264
204 372
204 389
205 20
205 68
205 75
205 96
205 202
205 231
205 255
205 256
205 356
205 384
206 78
206 104
206 118
206 217
206 225
206 324
206 385
206 394
207 64
207 79
207 281
207 294
207 359
208 22
208 53
208 69
208 100
208 145
208 158
208 250
208 334
208 369
208 373
209 20
209 30
209 89
209 137
209 235
209 303
209 315
209 318
209 333
210 34
210 61
210 141
210 162
210 166
210 300
210 337
210 379
211 10
211 42
211 57
211 84
211 236
211 289
211 359
211 382
212 45
212 70
212 153
212 173
212 174
212 224
212 299
212 306
212 364
213 13
213 33
213 49
213 73
213 97
213 143
213 147
213 173
213 215
213 261
213 273
213 295
213 369
213 382
214 39
214 63
214 71
214 75
214 91
214 144
214 183
214 239
214 313
215 51
215 113
215 145
215 146
215 188
215 213
215 376
216 9
216 28
216 38
216 53
216 115
216 125
216 159
216 200
216 283
216 319
217 4
217 61
217 119
217 125
217 163
217 204
217 206
217 272
217 315
217 351
217 391
218 0
218 34
218 138
218 171
218 173
218 241
218 256
218 323
218 335
219 56
219 65
219 82
219 155
219 170
219 200
219 294
219 356
220 0
220 3
220 10
220 58
220 99
220 159
220 190
220 262
220 361
221 73
221 147
221 366
222 154
222 174
222 277
222 311
222 377
223 21
223 47
223 62
223 91
223 124
223 177
223 293
223 368
224 3
224 150
224 180
224 212
224 269
224 326
225 58
225 76
225 112
225 198
225 206
225 267
225 288
225 332
225 356
226 48
226 137
226 170
226 303
226 343
227 3
227 100
227 179
227 349
228 63
228 90
228 125
228 128
228 138
228 164
228 175
228 231
228 235
228 262
228 272
228 281
228 293
228 301
228 304
228 325
228 333
228 343
228 357
229 54
229 390
230 100
230 103
230 172
230 198
230 310
230 330
230 390
230 395
231 113
231 154
231 205
231 228
231 241
231 255
231 301
231 359
232 78
232 98
232 116
232 154
232 235
232 246
232 256
233 38
233 48
233 171
233 175
233 280
233 315
233 328
233 344
233 345
233 373
233 399
234 9
234 46
234 62
234 147
234 158
234 164
234 385
234 388
235 73
235 81
235 96
235 173
235 177
235 209
235 228
235 232
235 240
235 280
235 324
235 351
235 380
235 389
236 41
236 96
236 104
236 144
236 148
236 182
236 188
236 211
236 238
236 301
236 307
237 34
237 108
237 144
237 152
237 303
237 330
238 130
238 162
238 236
238 310
238 332
238 346
239 43
239 60
239 120
239 129
239 169
239 174
239 214
239 253
239 310
239 361
239 379
240 145
240 181
240 235
240 286
240 331
240 354
240 393
241 13
241 47
241 67
241 117
241 146
241 164
241 173
241 191
241 218
241 231
241 337
242 76
242 250
242 395
243 17
243 79
243 170
243 259
243 270
243 274
244 69
244 76
244 80
244 86
244 108
244 147
244 250
244 341
244 369
245 25
245 30
245 48
245 67
245 109
245 112
245 121
245 126
245 143
245 177
246 47
246 79
246 112
246 134
246 232
246 358
246 397
247 1
247 13
247 68
247 72
247 73
247 120
247 126
247 178
247 180
247 200
247 288
247 315
247 367
248 5
248 10
248 38
248 48
248 63
248 93
248 106
248 130
248 177
248 183
248 195
248 338
249 45
249 105
249 169
249 292
249 360
250 42
250 43
250 61
250 99
250 208
250 242
250 244
250 305
250 309
250 313
250 385
250 390
251 133
251 141
251 319
251 336
251 339
252 133
252 274
252 311
252 313
252 339
253 9
253 51
253 79
253 117
253 118
253 186
253 188
253 193
253 239
253 304
253 342
254 2
254 39
254 81
254 89
254 93
254 115
254 142
254 189
254 203
254 262
254 267
254 333
255 34
255 57
255 170
255 182
255 205
255 231
255 262
255 398
256 4
256 10
256 80
256 149
256 176
256 192
256 205
256 218
256 232
256 288
257 34
257 124
257 178
257 200
258 20
258 33
258 81
258 89
258 99
258 277
258 394
259 136
259 243
259 287
259 313
260 8
260 15
260 18
260 123
260 198
260 293
260 304
260 313
261 87
261 97
261 120
261 160
261 177
261 213
261 277
261 381
261 393
262 64
262 78
262 84
262 95
262 186
262 193
262 220
262 228
262 254
262 255
262 322
262 375
262 394
263 26
263 382
264 13
264 59
264 114
264 204
264 337
264 350
265 54
265 131
265 155
265 166
265 197
265 283
265 287
265 337
266 20
266 105
266 122
266 167
266 291
266 341
266 364
267 31
267 58
267 81
267 126
267 131
267 138
267 148
267 152
267 225
267 254
267 285
267 295
267 314
267 345
268 65
268 94
268 128
268 178
268 318
268 348
268 349
269 17
269 123
269 224
269 292
269 379
270 7
270 42
270 150
270 243
270 306
270 308
270 353
271 5
271 139
271 298
271 301
271 330
271 345
271 365
272 59
272 71
272 106
272 116
272 122
272 132
272 159
272 203
272 217
272 228
272 347
272 392
273 28
273 40
273 87
273 113
273 213
273 307
273 346
273 355
273 358
274 48
274 88
274 117
274 169
274 191
274 202
274 243
274 252
274 275
274 368
275 163
275 168
275 183
275 203
275 274
275 341
275 369
276 57
276 127
276 142
276 161
276 163
276 184
276 325
277 222
277 258
277 261
277 301
277 328
277 381
277 396
278 29
278 84
278 100
278 160
278 358
278 370
279 32
279 182
279 287
280 9
280 14
280 42
280 52
280 118
280 147
280 154
280 233
280 235
281 63
281 133
281 176
281 183
281 207
281 228
281 312
281 315
281 335
281 340
281 386
282 118
282 123
282 311
282 326
282 360
283 25
283 98
283 108
283 133
283 159
283 175
283 216
283 265
283 358
284 7
284 46
284 79
284 125
284 134
284 178
284 336
284 377
284 378
285 53
285 62
285 84
285 153
285 267
285 357
285 365
286 42
286 58
286 76
286 80
286 150
286 188
286 193
286 198
286 240
286 305
286 317
286 328
286 344
286 373
287 21
287 32
287 52
287 65
287 104
287 133
287 162
287 259
287 265
287 279
287 310
288 79
288 80
288 225
288 247
288 256
288 338
288 347
288 351
288 360
288 368
289 3
289 15
289 30
289 59
289 141
289 211
289 321
289 338
290 70
290 140
290 166
290 327
290 374
290 398
291 13
291 90
291 136
291 145
291 186
291 266
291 293
291 299
291 312
291 363
292 17
292 55
292 72
292 80
292 147
292 249
292 269
292 346
292 349
293 73
293 78
293 113
293 129
293 172
293 223
293 228
293 260
293 291
293 393
294 37
294 67
294 103
294 207
294 219
294 317
294 322
294 334
294 367
295 124
295 213
295 267
296 3
296 33
296 197
296 375
296 385
297 0
298 37
298 116
298 121
298 196
298 197
298 271
298 311
298 375
299 195
299 212
299 291
299 359
300 10
300 16
300 47
300 83
300 99
300 210
300 389
301 71
301 97
301 102
301 111
301 155
301 228
301 231
301 236
301 271
301 277
301 322
301 352
301 353
301 395
302 57
302 115
302 179
302 319
302 345
303 29
303 77
303 87
303 165
303 209
303 226
303 237
303 320
303 391
304 6
304 54
304 228
304 253
304 260
304 313
304 338
304 355
304 395
305 28
305 37
305 73
305 77
305 100
305 106
305 184
305 197
305 250
305 286
305 386
306 6
306 39
306 40
306 41
306 130
306 144
306 158
306 212
306 270
306 324
306 342
306 351
307 15
307 99
307 170
307 197
307 236
307 273
307 355
308 12
308 54
308 78
308 155
308 171
308 270
308 321
308 323
308 361
309 41
309 64
309 77
309 111
309 143
309 250
309 324
309 329
309 355
310 162
310 230
310 238
310 239
310 287
310 325
310 348
310 391
311 33
311 42
311 117
311 222
311 252
311 282
311 298
311 342
311 378
312 21
312 97
312 114
312 116
312 137
312 186
312 281
312 291
312 343
313 35
313 99
313 164
313 166
313 177
313 199
313 214
313 250
313 252
313 259
313 260
313 304
313 318
314 79
314 267
314 355
314 388
315 150
315 195
315 209
315 217
315 233
315 247
315 281
315 369
315 373
316 163
316 164
316 183
316 200
316 373
316 399
317 44
317 70
317 75
317 94
317 115
317 168
317 201
317 286
317 294
317 356
317 397
318 27
318 46
318 64
318 114
318 142
318 176
318 209
318 268
318 313
318 361
319 35
319 37
319 48
319 131
319 155
319 167
319 216
319 251
319 302
319 344
319 352
319 368
320 68
320 90
320 103
320 121
320 151
320 152
320 187
320 303
320 336
320 370
321 15
321 63
321 156
321 201
321 289
321 308
322 56
322 98
322 104
322 125
322 136
322 162
322 262
322 294
322 301
322 334
322 335
323 28
323 75
323 126
323 141
323 153
323 185
323 218
323 308
323 368
324 38
324 206
324 235
324 306
324 309
325 27
325 85
325 87
325 190
325 203
325 228
325 276
325 310
325 335
325 336
326 151
326 183
326 224
326 282
326 343
326 346
326 350
326 391
327 124
327 148
327 290
327 365
327 388
328 84
328 124
328 233
328 277
328 286
329 13
329 40
329 70
329 100
329 309
329 351
330 22
330 87
330 105
330 146
330 154
330 188
330 230
330 237
330 271
330 379
331 11
331 31
331 240
332 35
332 163
332 191
332 225
332 238
333 31
333 145
333 156
333 195
333 209
333 228
333 254
333 345
334 87
334 129
334 143
334 208
334 294
334 322
335 8
335 9
335 29
335 42
335 50
335 123
335 158
335 218
335 281
335 322
335 325
335 376
336 4
336 251
336 284
336 320
336 325
336 339
336 363
337 42
337 68
337 159
337 210
337 241
337 264
337 265
337 387
338 30
338 47
338 59
338 103
338 202
338 248
338 288
338 289
338 304
339 43
339 47
339 109
339 134
339 187
339 200
339 251
339 252
339 336
339 396
340 64
340 68
340 109
340 196
340 200
340 281
340 353
340 399
341 21
341 123
341 165
341 178
341 244
341 266
341 275
342 30
342 57
342 84
342 97
342 178
342 253
342 306
342 311
343 37
343 51
343 75
343 130
343 226
343 228
343 312
343 326
343 396
344 157
344 233
344 286
344 319
345 42
345 61
345 176
345 196
345 233
345 267
345 271
345 302
345 333
346 37
346 76
346 109
346 135
346 166
346 238
346 273
346 292
346 326
346 370
347 0
347 25
347 104
347 272
347 288
347 398
347 399
348 86
348 146
348 268
348 310
349 11
349 26
349 106
349 126
349 171
349 227
349 268
349 292
349 354
350 17
350 98
350 109
350 153
350 264
350 326
351 50
351 125
351 173
351 217
351 235
351 288
351 306
351 329
351 364
351 365
352 47
352 88
352 109
352 180
352 192
352 301
352 319
353 6
353 53
353 70
353 76
353 87
353 149
353 169
353 199
353 203
353 270
353 301
353 340
354 35
354 36
354 96
354 111
354 138
354 186
354 197
354 240
354 349
354 396
355 36
355 273
355 304
355 307
355 309
355 314
356 3
356 83
356 136
356 139
356 154
356 179
356 205
356 219
356 225
356 317
357 65
357 80
357 138
357 157
357 170
357 228
357 285
358 173
358 179
358 246
358 273
358 278
358 283
359 45
359 52
359 70
359 81
359 146
359 207
359 211
359 231
359 299
360 7
360 49
360 159
360 249
360 282
360 288
361 0
361 13
361 53
361 106
361 111
361 148
361 163
361 220
361 239
361 308
361 318
362 63
362 98
362 117
362 138
362 158
362 178
363 57
363 291
363 336
363 383
363 387
364 17
364 31
364 36
364 98
364 108
364 152
364 158
364 171
364 212
364 266
364 351
365 21
365 22
365 26
365 43
365 63
365 93
365 128
365 143
365 149
365 271
365 285
365 327
365 351
366 86
366 128
366 159
366 221
366 372
367 199
367 247
367 294
368 62
368 67
368 94
368 138
368 181
368 223
368 274
368 288
368 319
368 323
368 374
368 399
369 88
369 91
369 97
369 208
369 213
369 244
369 275
369 315
369 396
370 31
370 129
370 169
370 278
370 320
370 346
370 392
371 3
371 87
371 95
371 115
371 136
371 161
371 182
372 204
372 366
373 21
373 141
373 208
373 233
373 286
373 315
373 316
374 66
374 101
374 189
374 200
374 290
374 368
375 95
375 262
375 296
375 298
376 76
376 98
376 111
376 215
376 335
376 399
377 4
377 40
377 57
377 72
377 144
377 222
377 284
378 43
378 47
378 284
378 311
379 43
379 47
379 57
379 146
379 210
379 239
379 269
379 330
380 38
380 54
380 118
380 235
381 23
381 192
381 200
381 261
381 277
381 397
382 0
382 103
382 105
382 211
382 213
382 263
383 38
383 363
384 10
384 39
384 133
384 159
384 205
384 391
385 15
385 61
385 87
385 123
385 145
385 191
385 192
385 202
385 206
385 234
385 250
385 296
385 390
386 0
386 7
386 77
386 88
386 105
386 179
386 182
386 281
386 305
386 399
387 33
387 119
387 337
387 363
388 2
388 15
388 102
388 116
388 132
388 134
388 151
388 234
388 314
388 327
389 11
389 22
389 64
389 78
389 118
389 156
389 183
389 196
389 204
389 235
389 300
390 55
390 68
390 125
390 159
390 229
390 230
390 250
390 385
391 33
391 148
391 177
391 217
391 303
391 310
391 326
391 384
392 44
392 101
392 272
392 370
393 94
393 104
393 151
393 159
393 162
393 169
393 240
393 261
393 293
394 206
394 258
394 262
395 8
395 62
395 80
395 140
395 182
395 230
395 242
395 301
395 304
396 31
396 117
396 157
396 277
396 339
396 343
396 354
396 369
397 68
397 146
397 246
397 317
397 381
398 45
398 106
398 130
398 184
398 255
398 290
398 347
399 66
399 80
399 196
399 233
399 316
399 340
399 347
399 368
399 376
399 386
