50
0 23
1 2
1 43
2 1
2 10
2 12
2 16
2 20
3 10
3 14
3 22
3 40
3 42
4 12
4 14
6 16
6 19
6 33
7 23
7 29
7 47
8 17
8 24
9 15
9 27
10 2
10 3
10 29
11 47
12 2
12 4
12 23
13 38
14 3
14 4
14 15
14 16
15 9
15 14
15 40
16 2
16 6
16 14
17 8
18 22
18 23
18 43
19 6
20 2
20 39
21 23
21 26
22 3
22 18
22 40
22 43
23 0
23 7
23 12
23 18
23 21
24 8
24 27
24 28
26 21
27 9
27 24
28 24
28 41
29 7
29 10
30 45
31 41
33 6
33 37
36 46
37 33
37 38
38 13
38 37
38 39
39 20
39 38
39 40
40 3
40 15
40 22
40 39
41 28
41 31
42 3
42 47
43 1
43 18
43 22
45 30
46 36
47 7
47 11
47 42
