50
0 33
0 40
1 15
1 19
1 27
1 34
1 48
2 6
2 7
2 17
2 20
2 40
3 10
3 14
3 20
3 32
3 46
3 48
4 7
5 7
5 28
6 2
6 7
6 19
6 38
6 48
7 2
7 4
7 5
7 6
7 11
7 28
7 40
7 45
8 15
8 44
9 19
9 20
9 38
9 49
10 3
10 19
10 31
10 39
11 7
11 19
11 22
11 23
11 28
11 30
11 46
11 48
12 23
12 24
12 36
12 37
12 47
13 14
13 21
13 25
13 45
13 48
14 3
14 13
14 25
14 26
14 30
14 32
14 35
14 44
15 1
15 8
15 19
15 26
15 31
15 41
16 19
16 31
17 2
19 1
19 6
19 9
19 10
19 11
19 15
19 16
19 22
19 41
19 42
19 47
20 2
20 3
20 9
20 40
20 48
21 13
21 22
22 11
22 19
22 21
22 33
22 35
22 45
23 11
23 12
23 24
23 38
23 39
24 12
24 23
24 36
25 13
25 14
25 28
25 29
25 30
25 37
26 14
26 15
26 29
26 30
26 33
26 35
26 37
26 40
27 1
28 5
28 7
28 11
28 25
29 25
29 26
29 43
30 11
30 14
30 25
30 26
30 33
31 10
31 15
31 16
32 3
32 14
32 36
33 0
33 22
33 26
33 30
34 1
34 38
34 42
35 14
35 22
35 26
36 12
36 24
36 32
36 39
36 44
37 12
37 25
37 26
37 44
38 6
38 9
38 23
38 34
39 10
39 23
39 36
40 0
40 2
40 7
40 20
40 26
40 47
41 15
41 19
42 19
42 34
43 29
44 8
44 14
44 36
44 37
45 7
45 13
45 22
46 3
46 11
47 12
47 19
47 40
48 1
48 3
48 6
48 11
48 13
48 20
49 9
